1
24
24
-1.064936
1.176595
-0.904613
-1.047497
-0.211640
0.535424
0.741754
0.207465
-0.033929
0.320700
-0.258344
-0.069495
-1.932392
-0.181716
-1.754704
-0.060955
-0.699451
-0.184337
1.132190
0.020855
0.421474
0.103797
-0.372590
-0.017898
24
-0.195073
-0.825058
-0.451272
-0.488780
-0.239775
0.304203
0.365248
-0.564393
-0.092120
-0.572436
0.026567
0.080032
0.930704
-1.421075
0.385082
1.028433
0.050519
-0.130771
-0.053631
0.056325
-0.039637
0.416563
-0.055164
-0.006171
24
3.026234
1.490937
0.300826
-0.861374
0.312231
0.385475
0.324700
0.596734
-0.168211
0.017590
-0.083394
0.026878
1.137741
-0.863652
0.973764
0.397929
0.188435
-0.185932
-0.361532
0.285361
-0.098713
-0.080507
-0.085982
0.044239
24
-0.981142
1.204612
-0.381882
-2.298388
-0.097529
0.290444
-2.438457
-2.516502
0.591788
-0.788421
0.144108
-0.500672
-1.624160
1.137395
0.099853
0.585187
0.758241
-0.142106
-1.084913
0.464462
-0.404738
0.666225
0.367534
-0.054458
24
-0.885319
1.403498
-0.548000
-1.198433
-0.546026
0.728862
0.021452
0.242200
0.302556
0.325649
-0.060356
0.234707
-2.253156
-0.597239
-1.093976
-0.066851
-0.302093
-0.194850
0.624303
0.194280
0.407185
0.109869
0.003730
0.087656
24
-2.378240
-0.513595
-1.206250
-0.376305
-0.406580
0.048477
-0.262169
-0.017937
0.349901
-0.279155
0.150591
0.113377
1.865879
-1.615371
1.098357
1.011748
0.163601
-0.167408
-0.841944
0.252633
-0.444319
0.243402
-0.045437
0.070159
24
1.221788
-2.316231
0.945028
0.079605
-0.005984
-0.029557
-2.619066
1.336581
-1.039947
-0.054090
-0.006910
0.214703
-0.822174
0.062007
-0.198189
-0.160963
0.076024
0.062831
-0.792221
0.169431
-0.281111
0.058355
0.298713
-0.055116
24
1.703620
-0.850379
1.175923
0.904695
0.253512
-0.767241
0.862704
0.358518
0.548907
-0.322597
0.215714
0.144328
2.682765
4.001081
-1.846232
2.440054
-0.383730
-0.429798
-3.139900
0.300894
-2.798386
0.639539
-1.103657
0.230666
24
0.969609
-0.898272
0.013674
-0.181467
-0.201446
0.178252
0.692687
-0.505997
-0.224503
-0.729827
0.027562
-0.006870
-0.595796
0.907737
-0.257121
-0.387010
-0.034727
-0.018590
0.167195
0.090919
0.256816
0.082721
0.003719
-0.039343
24
-3.058924
-0.148642
-1.713784
-0.423760
-1.040586
-0.036473
-1.820947
-2.873024
1.101433
-1.865720
0.539568
0.616439
0.004095
0.036753
-0.142646
-0.012184
0.165277
0.195381
-1.750813
0.238652
-0.745425
0.013015
-0.149621
-0.034531
24
0.288539
0.686665
-0.007005
0.182138
-0.161348
0.022249
3.057657
3.599531
-0.793248
2.368844
-0.088697
-0.233382
0.953567
3.738697
-1.355015
1.788382
-0.089462
-0.305750
1.484838
1.008010
0.529428
1.296918
-0.321155
-0.199578
24
1.375420
-1.223210
-0.690769
-0.860432
-0.032859
-0.012631
1.756973
0.420250
-0.607899
0.342293
-0.066337
-0.168567
-0.015558
0.214998
0.091692
0.254577
-0.043737
0.022476
0.122009
-0.056734
0.230784
0.034867
-0.031935
-0.037129
24
0.450710
0.390528
-1.137959
-0.134929
-0.174370
0.165868
-0.206812
0.858755
-1.421656
0.781444
-0.285222
-0.702527
1.135462
0.207911
0.146083
0.164619
-0.095019
0.070983
-0.523069
0.382083
2.288199
-0.512743
-0.472751
-0.407611
24
-3.003492
-0.764484
-0.818516
-0.141522
-0.350688
-0.186259
-0.384787
-0.463200
0.270776
-0.306818
0.162217
0.236495
0.597112
-0.071155
1.165426
-0.253377
0.394639
0.027431
-0.756536
0.190685
-0.069101
0.025984
0.159183
0.072343
24
1.957112
-0.769199
1.551440
0.145340
0.304106
-0.021822
-0.400139
0.718296
0.121422
0.229026
0.135650
0.081049
-0.026387
-0.713103
0.085485
-0.034169
0.013591
-0.099737
1.426342
-0.421735
1.156975
0.491779
-0.178273
-0.075578
24
1.905421
0.972643
-1.968287
1.008640
-0.059611
-0.116003
-0.637914
-0.509662
-1.698677
-0.151885
-0.119376
0.378538
0.633949
-0.406020
0.361040
-0.152775
-0.000527
0.074272
0.594965
0.113272
0.777049
-0.185254
-0.330294
0.062061
24
-0.659871
-0.120471
-0.133216
0.019257
0.025380
-0.013074
-2.649840
2.964483
1.020923
1.598710
-0.103762
-0.210070
-1.681905
4.109347
1.552374
2.532789
0.041403
-0.404331
-1.181137
0.882073
-0.225192
1.165275
0.438039
-0.200176
24
1.268169
1.677126
-1.188086
1.337869
-0.189500
-0.253302
-0.597779
0.254376
-0.996128
0.035556
-0.186631
0.025537
0.548653
-0.129838
0.251452
-0.061067
-0.003830
0.009992
0.553002
0.059738
0.467781
-0.118663
-0.082563
0.049615
24
-1.370103
-0.183545
-0.739647
-0.760379
0.115470
0.234178
-0.461364
0.351462
0.374004
0.813847
0.379631
-0.129032
-0.549483
0.704310
1.597590
-0.066598
0.196055
0.233507
-1.260620
0.535611
0.597147
-0.013214
-0.202176
-0.451885
24
-0.414000
1.254978
-2.094978
-0.478286
0.066319
0.386053
5.303161
-0.423960
1.171076
-1.563977
0.382503
-0.953762
-0.911846
1.488466
0.965021
0.399691
0.210924
-0.241102
0.523210
0.849117
-0.435572
-0.874205
-0.197455
0.091483
24
-1.136056
1.543694
-0.552272
-0.928486
0.157181
0.320316
-0.780820
-0.431336
0.037537
-0.459524
0.048465
-0.386495
-0.510366
0.817159
0.028692
0.108963
0.192018
-0.127847
-0.935829
0.473656
-0.290389
0.005952
0.188816
-0.000204
24
-0.508915
-0.210644
0.111002
-0.220895
0.210317
-0.074644
1.203714
0.480432
-0.954048
0.035265
0.043664
-0.049771
-0.931004
0.034905
0.368415
0.048037
0.302814
0.040857
-0.719148
-0.107316
-0.131913
0.028745
0.259069
-0.014644
24
-0.490332
-1.770223
0.220450
-1.256645
-0.010018
0.223745
-0.218379
-0.899776
0.848573
-0.367383
0.037369
0.339360
-0.287263
-0.210211
-0.316204
-0.035280
-0.092949
0.027475
-0.217106
0.097075
-0.596326
0.013026
0.109684
0.022773
24
-1.752379
-0.110269
-0.842851
-0.350514
-0.145473
-0.123710
-0.155633
0.047421
0.176666
-0.072241
0.083473
-0.045336
0.308153
-0.544211
0.164073
0.007969
-0.052022
-0.126969
1.445063
-0.446423
0.852281
0.503108
-0.056037
-0.024279
24
0.239792
-1.833011
-1.745579
0.127572
1.711408
-1.312781
0.386755
2.475327
1.397743
-2.188810
8.662101
0.626189
2.424584
0.678687
1.768328
1.501455
-8.360445
0.952979
-2.404459
-0.635176
-0.324254
-0.047919
-0.756330
-1.602984
1
24
2.107211
-3.666279
2.445922
1.138606
-2.026696
3.460388
-2.037695
0.861231
4.407700
-1.526930
4.691075
-3.641608
1.188597
-3.413122
-3.013267
-2.892674
-4.774775
5.289948
1.404018
-0.919268
-3.435799
3.422066
4.805406
3.952808
1
-1.434934
