1
24
36
-0.750281
0.449155
-0.097927
-0.446177
-0.076026
-0.023869
-0.183392
-0.125481
0.153898
-0.023473
0.109705
-0.038402
-1.329817
-1.520219
-0.004931
0.062665
-0.002901
-0.134367
-0.719716
0.055653
-0.101289
0.019210
-0.037930
-0.062571
-0.990929
0.387929
-0.257032
0.219952
-0.173147
0.036356
-1.697753
0.066732
-1.205877
0.102831
0.158218
-0.077999
36
-0.305246
-0.077930
-0.199307
-0.302932
-0.114032
0.061209
0.194481
0.184810
0.191829
-0.272689
-0.133823
0.145989
1.548968
0.773759
0.645112
-0.654103
0.015483
0.200169
-0.748456
0.299412
0.019989
0.017527
-0.074509
-0.084339
-1.273097
0.323689
0.098407
0.389331
0.063294
-0.049941
-1.729671
0.023877
-0.717948
-0.063134
0.084123
0.045999
36
0.272797
1.129026
-0.180591
0.364589
0.025280
-0.053788
-0.450789
-0.272212
0.587113
1.299787
-0.037098
0.184356
4.241086
2.792099
-1.194844
2.024630
0.251033
-0.260968
2.007646
-2.678018
-0.979462
-1.752250
0.196953
0.138959
1.178975
-2.243737
-0.579831
-1.194827
-0.041892
0.025003
0.602565
-0.207702
0.422217
-0.406481
-0.152843
0.096706
36
-0.774259
-1.521044
0.636134
-0.410674
-0.001293
-0.058928
0.020909
0.330306
0.178357
-0.551922
0.102256
0.028855
-1.886767
-1.295216
0.257700
-0.682134
0.067567
-0.100512
-1.962722
-0.273201
1.232300
-0.502333
-0.117489
-0.072528
-0.795537
-1.220608
0.154444
-0.253011
-0.046964
-0.206212
-0.947122
0.205331
-0.384137
-0.428204
0.128293
0.080372
36
-1.663115
-1.876449
0.576886
-0.178042
0.383339
-0.369419
-1.973747
0.743905
0.609657
0.723665
0.183060
0.084360
-0.098495
-0.423271
-0.081073
-0.066635
0.031442
0.071357
-0.712877
-0.187337
0.206068
-0.156249
0.104419
0.070632
-0.224992
-0.023710
-0.133228
-0.001702
-0.007737
0.052601
-0.464543
-0.011322
-0.189660
0.020043
0.095437
0.004592
36
-0.953320
1.669023
-0.981910
-0.309614
-0.281575
-0.126269
-0.316153
0.126120
-0.337799
0.053157
0.426159
-0.214145
-1.565200
0.814831
-0.899102
-0.557529
-0.352224
0.203858
-4.428668
-0.190994
-3.070462
0.209765
-1.646518
-0.059659
0.800761
0.606139
-0.049988
-0.022822
0.419907
-0.062267
5.343019
-0.745520
2.670774
0.492118
1.557285
-0.056959
36
-0.734589
0.364156
0.850971
-0.534513
0.187052
-0.069832
-0.370259
-0.011401
0.046089
0.170911
0.060882
0.049788
0.412257
3.631728
-0.600798
1.261599
0.240025
-0.205875
1.600749
2.260063
-0.217274
1.414788
0.070840
-0.144420
0.610778
0.138448
0.099360
0.005292
0.008963
0.081267
0.957077
-0.024625
0.451512
-0.027374
-0.127178
0.026740
36
-0.032033
-0.057473
-0.005434
0.121565
-0.094105
0.191113
0.056741
0.121205
0.370491
-0.284445
-0.008106
-0.036108
2.265509
-0.295855
-1.849831
-0.233917
-0.096481
-0.151656
-1.096766
-1.479324
0.713800
-0.906678
0.019846
0.202320
-1.088517
-2.567757
0.876949
-1.453492
0.152035
0.248211
-0.557168
-0.422372
-0.261870
-0.538346
0.227838
0.048208
36
0.099200
0.229298
-0.338316
-1.089183
0.414513
-0.326527
0.411206
0.104776
0.374641
-0.538703
0.044909
0.043734
-0.345131
-1.391112
0.092606
-0.443882
0.151480
0.093269
-0.064534
-0.860245
0.145004
-0.319814
0.024898
0.457151
-0.604554
2.334459
1.202320
1.023103
0.173724
-0.230967
-1.725957
-0.831770
-1.423879
-1.223223
-0.233972
0.025280
36
-0.072827
0.181847
-0.405138
-0.153752
-0.223053
0.035581
0.615122
-0.140616
-0.357909
-1.149954
0.015929
-0.033449
-1.750880
-1.402704
0.722281
-0.332265
0.214072
0.125531
-1.903950
-1.088639
0.354032
-0.292347
0.040785
0.427832
1.213814
-0.940266
-0.770907
-0.889168
-0.067987
-0.114036
0.173783
-0.414284
-1.246541
-0.562882
0.018202
-0.043105
36
-0.487919
0.364507
-0.165734
-0.178433
-0.069163
0.083400
0.090684
0.198018
0.465418
-0.283876
-0.066800
-0.023157
-0.802843
-0.757756
-0.747696
0.222899
-0.290840
-0.133177
-0.679460
-0.100265
0.045520
-0.239953
0.239405
0.162275
-1.796451
2.070999
0.666009
1.227785
0.080744
-0.103481
-0.822702
0.333821
-0.379935
0.413686
0.220064
-0.030874
36
0.396665
0.109895
0.131950
0.016828
0.191433
-0.069649
-0.153543
0.122643
-0.629566
0.157235
0.270202
-0.174154
-0.761494
0.543710
0.279404
-0.341513
-0.313646
0.013982
1.134205
-1.405647
-0.190786
-0.617149
-0.174143
0.309465
2.167572
-0.061563
-1.220768
0.176199
-0.404459
0.034435
1.764635
-1.269130
0.047469
-0.941500
-0.262519
0.356537
36
-2.725960
-2.877390
1.002801
-0.835030
-0.240521
-0.157116
0.494669
1.061265
0.169389
-0.695111
0.240417
0.046559
0.002395
-0.128567
-1.018469
0.003615
-0.321264
-0.075217
-2.178152
-0.751354
1.237123
-0.569747
0.010065
0.262999
-0.231824
-0.593996
0.217419
-0.082756
-0.087780
-0.076139
-0.976217
-0.526893
-0.673026
-0.522581
0.051443
0.283103
36
-0.046348
0.004112
-0.033580
0.126455
-0.023654
0.174676
0.012593
0.230279
-0.101994
-0.241781
0.107637
-0.129592
2.205899
-0.014379
-1.678246
-0.328739
-0.327394
-0.161082
-0.813552
-1.230496
0.380627
-0.813788
0.047505
0.149392
-0.707970
-1.826246
0.732629
-1.164865
-0.076950
0.366111
-0.617789
-0.701959
-0.042277
-0.499568
0.176817
0.176955
36
-0.620144
0.458951
0.010126
-0.234748
0.115351
-0.132148
-0.456723
-0.032466
-0.433419
0.841087
0.265359
-0.133319
-1.286812
0.429334
-1.190168
0.293306
-0.428670
-0.326861
1.574186
-1.183388
0.258931
0.095844
0.038629
-0.067509
2.300354
-3.058599
-1.319481
-1.796271
-0.480042
0.556882
1.872183
-0.656432
0.969468
-0.606028
-0.039568
-0.048128
36
-0.157441
0.309635
-0.028038
-0.076104
-0.015612
-0.164575
0.078241
0.000386
-0.203649
0.120459
0.029631
-0.108702
-1.183029
0.578428
1.251660
0.141976
0.042164
0.041955
1.257650
0.623772
-0.579533
0.487311
-0.170927
-0.167713
0.319653
-0.753316
-0.024987
-0.495981
-0.008484
0.125863
0.268989
-0.375480
0.303631
-0.259316
-0.079648
-0.024377
36
0.174993
-0.123784
0.218570
0.210581
0.060328
-0.167896
-0.032676
-0.102848
-0.601605
0.025975
0.172383
0.074036
0.620335
0.373211
0.248824
-0.127852
-0.065565
0.189978
2.097087
-1.210118
-0.633216
-0.864606
0.139828
0.477321
0.396309
-0.068729
-0.141324
-0.421767
0.030696
0.328834
1.276875
-0.772612
0.135216
-0.698953
-0.397267
0.197861
36
0.479282
0.202000
0.163539
0.366488
0.146942
-0.096886
-0.187381
-0.212101
-0.394167
0.346834
0.037396
-0.165943
0.017425
0.488042
-0.503597
-0.222826
-0.027820
0.095137
0.996680
-0.357337
-0.166120
-0.168147
-0.015191
0.201741
1.740896
0.132804
-0.005531
-0.101134
-0.006511
-0.019736
1.587818
0.009929
0.423034
-0.009931
-0.192512
-0.016631
36
-0.226904
-0.012797
-0.018236
-0.016831
0.019755
0.085953
0.008521
0.291768
0.478465
-0.129806
-0.128980
0.025312
-2.672736
-1.069740
-0.511130
-0.093465
-0.304215
-0.144048
-0.718856
-0.214569
0.192625
-0.175272
0.204799
0.144806
-1.194997
0.940415
0.483836
0.606721
0.091517
-0.071084
-0.617603
0.137741
0.087336
0.231975
0.131952
0.016222
36
-4.164269
-9.318437
3.012844
-2.479913
0.108345
-0.667478
-0.713155
-0.641083
0.212540
1.612372
0.149011
0.036852
1.954437
0.908546
-0.654835
0.697276
-0.390344
-0.075584
1.058147
-0.208532
0.485986
-0.130210
-0.213886
0.364731
1.614091
2.354685
-0.757057
1.267349
-0.049853
-0.204491
1.307166
0.429016
0.157008
1.029190
-0.221575
-0.029759
36
-1.401432
1.892610
0.088679
-0.813939
0.035383
0.053757
-0.168425
-1.381325
-0.394268
-0.672353
0.533334
-0.400152
2.480528
-1.292489
1.764452
-0.253865
0.673497
0.023653
-1.186865
0.703381
-0.291017
-0.071356
0.164510
0.090632
-0.312233
-0.080397
-0.113321
-0.208868
-0.055000
0.213879
1.903044
-0.298384
1.174624
0.190906
0.289935
-0.069312
36
0.001406
-0.206836
-0.490040
0.588223
0.051988
0.424915
0.141327
0.169545
0.245189
0.137429
-0.634766
0.263763
1.041298
-0.571429
0.574629
1.032686
0.224456
-0.579149
1.389948
0.280011
0.922438
-0.181970
0.173526
-0.169204
0.087516
-0.635792
-1.052033
0.355753
-0.203873
-0.641985
0.277867
-3.343060
0.149400
1.912173
-1.231069
-0.813385
36
1.714845
3.604242
-1.095058
1.599957
-0.185422
0.211026
1.085994
-0.128239
0.276433
-1.343401
0.008723
-0.073086
0.078705
0.338397
0.279745
0.065256
0.005895
0.006448
0.543033
0.387046
-0.177279
0.255080
-0.090333
-0.045152
0.184240
-0.041148
0.022752
-0.058912
-0.016438
0.027766
0.414761
-0.015934
0.192115
-0.081113
-0.038097
0.010921
36
-1.998128
-1.090903
1.378693
-0.060340
0.311482
-0.463078
-0.982665
0.267116
0.192015
0.555271
0.146436
0.004814
0.204253
0.015624
-0.330958
-0.003044
-0.032790
0.013993
-0.296561
-0.173045
0.185778
-0.125475
-0.023651
0.057184
0.017510
0.041908
-0.031478
0.047608
-0.004205
-0.019958
-0.153982
-0.068864
-0.091127
-0.044179
-0.044956
0.037599
24
-3.392000
-3.285816
12.352476
-4.414344
-0.658396
-1.819573
7.095477
-6.932683
-7.700238
-9.217946
-3.377759
3.720113
-5.763828
-3.675488
5.089970
1.629720
4.026032
2.118857
-4.134313
1.705755
3.101048
-2.217431
1.988813
1.713332
1
24
5.197091
5.580237
7.878661
2.350281
4.447981
0.686273
4.671714
-7.555475
3.185532
-4.616473
-5.609978
-2.090471
-2.106366
2.789933
1.719555
-3.436827
2.988410
4.807579
6.058480
4.135839
-1.253627
0.592467
5.373730
-6.215398
1
-16.753366
