1
24
12
-0.132085
2.153956
-0.105638
0.617663
0.866416
2.008138
0.249743
2.171836
0.527582
-0.171761
0.062773
0.229310
12
-1.968659
-0.351127
0.159465
-0.844345
1.525378
-0.079987
0.034788
-0.698643
0.243542
0.335661
-0.167590
0.013858
12
-1.231471
2.053977
-1.158279
-2.299958
0.173118
-0.294946
-0.245622
-0.223712
0.376849
-2.156735
0.242716
0.308020
12
-1.207766
0.035488
-0.294814
-1.492194
-1.923611
-0.650781
-0.259417
0.731318
0.950566
0.918079
-1.007227
0.390919
12
3.222974
0.720807
-1.223815
-2.628425
-0.426228
-1.100145
1.449554
-1.473098
0.089080
-0.349698
0.162926
-0.193718
12
-1.053347
0.866490
-0.237450
0.697236
1.401440
1.377551
0.794532
0.174459
1.083316
-0.712409
2.286422
0.276958
12
-2.693943
-0.429157
-2.232978
-1.331725
-0.948050
-0.749374
-0.136587
-0.431596
-0.969521
-0.968828
-0.056317
0.531998
12
0.214977
0.535842
1.517324
0.970750
0.515696
0.094193
1.748750
-1.096183
-1.335282
0.927239
-0.610120
-0.153215
12
-1.005486
-0.625318
1.043815
1.144429
-1.260895
0.944308
-2.254541
1.168823
0.211680
0.037712
0.625643
0.722249
12
-1.440282
1.164939
-0.738788
-0.144187
0.342501
1.536992
-0.656853
0.732212
-0.048333
-0.596001
0.079852
-0.052271
12
0.988245
-0.613533
0.485474
-1.147986
-0.197451
0.838775
0.225477
0.254441
1.678439
-0.297241
0.055334
-0.088003
12
-1.118913
1.330357
-1.541744
0.081914
1.132918
0.490800
0.043342
-0.747464
-0.145819
1.622677
0.158285
-0.212546
12
0.294990
-1.839193
-1.450394
-0.678014
-1.778831
-1.313217
0.228215
0.405434
2.120410
-0.003323
0.580163
0.446105
12
0.789458
-0.388407
-0.712316
-0.640970
0.422417
0.113247
-1.979308
-2.165295
0.584524
-1.438064
-0.114551
0.176691
12
2.994626
2.576428
2.331691
-0.094415
-0.410582
1.097418
-0.003872
0.149259
1.092608
-0.789266
0.283950
-0.117192
12
1.353607
0.933380
0.320056
2.277473
0.743562
1.593806
-0.973107
-1.006249
1.161192
-0.013825
-0.756310
0.041919
12
-1.993591
-0.190176
-0.858094
-0.194922
0.077856
-1.192703
-1.732684
-1.237996
-1.140979
0.235626
0.143704
-0.006533
12
0.345671
1.695407
1.261796
1.386814
-0.698686
0.731048
-0.696360
-0.524426
1.741953
0.552934
-0.382840
0.221239
12
0.179463
-0.289115
-0.364113
-1.638447
-2.286917
0.132463
0.028453
0.086687
0.772772
1.476578
-0.309929
0.752482
12
-1.945899
-1.308683
-0.058926
1.458422
0.280201
0.010443
-0.287083
1.059077
-0.525587
-2.045900
0.215834
-0.068616
12
-2.053234
1.556200
-0.980468
-1.827847
-0.650915
-1.313313
-0.691290
0.628208
-1.845795
1.064614
-0.836844
-0.400401
12
2.320061
-0.558131
-2.227801
0.693137
-0.725645
-0.103842
0.515299
0.312996
-0.089199
-0.738021
0.224116
-0.055029
12
-2.255888
-2.367536
1.802927
-1.811224
0.147712
0.762281
-0.436228
-0.297627
-0.121321
-0.217889
-0.101244
-0.125909
12
-1.462414
0.236601
-1.352510
-2.279113
-0.512560
0.214284
0.721134
0.809699
1.238468
1.057551
-0.070062
0.145587
24
0.971316
1.246952
0.798573
0.657633
1.076090
0.034804
0.776044
-1.581314
-0.121128
-0.170873
0.166791
-0.144567
-0.068369
-0.940151
-2.982034
-0.279260
-0.251127
1.427936
-0.148849
0.874548
0.263700
-1.917255
-1.322720
2.557605
1
24
-1.444034
3.617538
-1.634859
1.086619
2.448827
-0.406756
1.584386
-1.655276
1.044813
3.113711
2.365271
-2.652734
-0.476106
-1.953254
4.173696
-1.121505
2.615789
1.627428
-1.010110
-0.838688
1.341843
-3.711222
-5.009637
-1.783536
1
1.859947
