1
24
24
-0.584098
0.162541
-0.304610
0.023138
-0.031924
-0.044281
-0.004263
0.409576
-0.064181
0.354129
0.114210
-0.018289
-0.189908
-2.445732
-1.716802
-0.689632
0.108182
0.324444
-0.044890
-0.010057
0.739125
-0.902674
0.074741
-0.136984
24
0.304086
0.688123
-0.155225
0.303236
0.021309
0.011607
-0.248183
-0.276444
0.346849
0.319093
0.078467
0.100144
0.431460
-0.598481
0.396088
0.284023
-0.011086
-0.020296
-0.149908
0.217528
-0.892917
-1.055518
0.082996
-0.104817
24
-0.995121
-1.985578
0.069251
-0.777765
-0.085405
0.008865
0.345994
0.407905
0.897426
0.189684
0.071474
0.011789
1.152650
0.569623
-0.605859
0.599676
-0.018197
-0.111662
0.076850
0.116831
0.009069
-0.119361
0.039726
-0.019925
24
0.151003
0.698730
0.086041
0.164614
0.103359
-0.027875
-0.259242
-1.418458
0.061726
-0.543631
-0.089941
-0.103841
0.949157
-2.218731
0.122667
0.342949
0.320277
-0.209181
-0.131454
-0.026438
1.200477
-0.569596
0.144111
-0.167597
24
0.790481
-0.548596
-0.278528
0.253569
-0.231880
-0.091945
1.458461
1.177175
-0.535960
-0.216382
-0.298693
-0.205377
-0.313262
0.687478
0.390203
1.013473
0.104462
-0.005627
-0.091534
-0.163251
0.377323
-0.214079
-0.008486
-0.012940
24
-0.776304
-2.022901
0.538912
-0.068390
0.043488
0.001873
-0.316821
-0.037377
0.514550
-0.495189
0.204545
0.065629
0.036051
-1.328175
0.364324
-0.156817
0.198872
-0.131368
-0.425503
-0.334433
-0.800684
-0.616965
0.030795
-0.044067
24
-0.171850
0.530505
0.121513
0.290188
0.051883
0.024138
-0.473047
-0.441343
0.155483
0.279872
0.126696
-0.023403
1.961903
1.477015
0.663912
0.847493
0.145206
0.012975
0.039981
-0.006405
0.032931
-0.698428
-0.033761
0.142004
24
-0.699857
-0.024759
0.131734
-0.000281
0.046722
-0.035631
-0.482163
-0.414178
-0.300776
0.855383
0.231206
0.045787
2.276369
-0.691835
0.786217
0.510453
-0.494189
-0.255026
0.043433
0.124913
-0.376740
-1.437298
-0.041327
-0.254447
24
0.083470
-0.196204
-0.083689
0.119159
-0.032807
-0.029961
-0.126924
-0.341555
0.718560
0.626266
-0.053398
-0.032578
-1.812790
3.554046
0.844049
-0.702808
-0.590127
0.364363
-0.278162
0.231135
-0.320046
-0.661021
-0.010665
-0.078467
24
-0.648433
-0.932748
0.362787
-0.673561
0.026396
-0.159817
0.816088
-0.232656
-0.368528
0.446842
0.049211
0.025863
0.503869
0.786385
0.656684
0.614008
0.178249
0.101202
-0.444535
-0.666554
1.248813
-0.258960
-0.231738
0.090560
24
0.184705
0.246491
-0.351664
0.371305
0.034849
-0.012684
-0.170509
1.712593
-0.104864
-0.302094
0.113764
-0.025664
-1.054104
-1.106368
1.071519
0.440005
0.101266
0.152669
0.391190
0.302183
0.458971
0.218296
0.099804
0.018033
24
-0.054409
0.126147
-0.370266
-0.146038
-0.053310
-0.047025
0.342209
0.186874
-0.055973
0.041081
-0.005090
0.108313
-1.986796
-0.121345
-0.816012
0.058969
-0.163901
0.144645
-0.005931
-0.258957
0.933642
-0.157878
0.167545
0.074234
24
-1.718566
-4.028134
0.755635
-0.686036
-0.059737
-0.586738
1.054605
2.028968
-0.125726
0.604665
0.021607
0.097796
-0.793165
-0.466090
-0.999473
0.665218
-0.299633
-0.264192
0.075942
-0.250846
-0.698843
0.908377
0.011622
-0.209778
24
-0.129837
-1.468013
0.227853
-0.413234
-0.147799
0.037850
0.344262
0.266231
0.799987
-0.188139
0.081952
-0.105266
1.945475
-0.369302
-0.047355
1.307430
0.087482
-0.251274
0.033565
0.150808
-0.879175
-0.282690
0.130090
-0.019008
24
0.490364
-0.356962
-0.043098
0.092352
-0.038857
-0.061101
0.832722
0.763835
-0.093109
0.113273
-0.163921
-0.115028
-0.011873
-2.428658
-0.405406
-1.266434
-0.008129
0.370692
-0.170956
0.037197
-0.442357
0.735499
-0.062949
0.048980
24
0.898864
0.069684
-0.271565
0.469231
-0.001205
0.009675
0.298755
-0.571242
0.431057
0.268498
-0.161861
-0.024711
-0.847017
-0.299066
0.588142
0.389267
0.135672
-0.149070
-0.170240
0.213659
-0.432532
0.575520
0.002117
-0.050361
24
1.165427
-0.628524
-0.246270
0.192022
0.078708
-0.151168
-0.561644
1.017789
0.508343
0.074500
0.043790
-0.237432
1.423270
-0.265174
-1.124599
-0.368637
0.046484
0.125722
-0.169107
-0.263233
-0.649113
-0.232235
0.044614
0.006958
24
0.667024
-0.780450
0.023251
0.570970
-0.081905
-0.045898
0.272336
0.420251
-0.066432
-0.179005
-0.119887
-0.194415
-2.370038
-3.486964
0.736704
0.834922
-0.287356
-0.337478
0.073832
-0.131627
-0.307014
-0.022791
-0.010924
-0.138075
24
-2.110549
-1.341191
-0.288757
-0.266460
-0.182966
-0.007702
-0.030485
0.117761
0.547244
0.351473
-0.072554
-0.162239
-0.108198
-0.477075
0.201835
-0.466965
0.067006
-0.070841
0.074015
0.035388
0.185547
-0.181322
-0.037245
0.012490
24
-1.164050
-2.001748
0.878944
-0.116253
-0.043652
-0.111246
0.857363
0.134886
0.476469
0.423122
-0.185126
-0.180491
0.546304
1.695786
-1.054757
1.004758
0.063120
-0.352180
-0.061764
-0.020788
-0.937864
0.689728
0.076638
-0.085285
24
-0.476164
0.162011
-0.063346
-0.325328
-0.035054
-0.083622
-0.342289
0.152942
-0.568811
0.001469
0.148721
-0.009571
1.416454
-0.925760
-0.255531
0.653362
0.313608
0.018489
-0.493214
-0.197218
0.101226
0.232599
-0.049710
0.088636
24
0.228948
-0.024296
-0.379092
0.837766
0.136216
-0.009386
-0.147876
0.967466
0.599580
0.907279
-0.003470
-0.294083
1.194808
-1.559760
-0.701928
-0.796589
0.142762
0.161606
-0.116985
-0.138160
-0.792382
-0.491493
0.022866
0.067807
24
1.466940
1.418844
-0.420559
1.150202
0.118426
0.224408
-0.761870
1.620146
0.358090
-0.819529
0.171846
0.319322
0.131316
-0.594074
2.026400
1.387883
0.169829
-0.203473
-1.901947
-1.506693
1.379803
-0.814459
-0.229990
0.175311
24
0.265755
-0.434363
-0.583668
0.191312
-0.019175
0.115870
-1.065119
1.739986
-0.622952
-0.877641
0.064838
-0.013584
-0.553709
-2.085460
-0.412239
1.213865
-0.200879
-0.388083
-1.135490
3.956078
-0.983251
-0.774005
0.662475
0.029852
24
2.337220
2.706028
-0.473901
0.871902
-0.682923
-0.365700
-0.675531
1.775290
-3.041831
-1.893679
-0.126150
-0.435492
0.197034
-0.294890
-1.302304
-0.381389
-1.395802
-1.333692
-0.751533
2.023193
-0.048030
-1.110923
1.691314
1.468505
1
24
6.057283
-8.417074
8.543539
3.155900
4.183310
4.943224
-7.471706
3.017421
6.416756
-4.475312
4.979066
-5.417621
-3.142911
-4.385015
-5.867283
6.645587
-4.782913
-6.751801
-7.265616
5.757319
6.289669
4.215402
1.108091
-1.320526
1
-2.367091
