1
24
12
1.364306
-0.165941
2.881378
-1.164936
1.136290
0.788298
0.341584
-1.166913
0.003581
-0.874549
-0.279143
-0.651946
12
1.005386
0.513425
-0.007360
0.294877
1.181040
-0.523709
0.032344
0.146383
-0.909267
-1.447441
-0.672736
0.207869
12
-1.445434
-0.265024
-1.569000
2.014801
-2.069763
-1.086331
-1.998437
-0.147946
1.156269
0.094868
1.335547
0.319963
12
1.339462
-2.008969
-0.426277
-0.235226
-0.958106
-0.888871
1.074823
2.107877
0.504769
-0.002206
0.027746
0.105178
12
0.779426
5.127269
-1.031389
1.384674
-0.176808
-1.477056
1.084480
1.531268
0.207287
-0.740214
0.258342
0.246345
12
1.685339
5.182637
-0.977682
2.042364
0.051505
-1.651363
-0.606455
-1.499235
0.125290
-0.250046
-0.247779
0.044951
12
-3.167578
1.643136
-1.866212
0.344745
1.038113
0.393392
-1.499860
1.288844
-1.290311
1.139390
-0.369975
-0.154382
12
0.915255
-1.505092
-0.643795
1.853376
0.539534
0.599497
2.805719
0.385909
-0.411715
-0.032249
-0.027976
0.065101
12
-0.222316
2.454725
1.545730
0.910086
-0.231634
-1.428346
-0.393792
-0.467748
-0.166842
-0.441331
-0.466161
0.251648
12
0.758847
2.751497
0.519324
-0.204223
-0.170714
-0.448414
-0.288976
0.769555
1.125502
0.700222
-0.743312
0.290940
12
0.626699
0.661363
0.068692
-2.118522
-1.607895
-2.008359
-0.234960
1.340704
0.447609
-0.440828
-1.144198
0.164819
12
-0.071909
1.925821
-0.093719
-2.042334
-0.582774
-0.666878
0.132392
0.123944
1.106085
-1.220258
-0.245935
-0.551969
12
0.820988
0.223169
-1.081499
-0.305498
0.965416
-1.627152
-0.015605
-0.013312
-1.017672
-0.126660
1.215852
-0.009791
12
0.854925
-2.818050
-0.533229
-0.823096
-0.405724
0.253891
0.578863
0.124763
1.147153
-1.303979
0.102975
-0.031091
12
-2.304022
1.865470
-1.444099
1.354902
0.945954
1.147599
0.381558
0.817223
0.793042
1.542790
0.068440
-0.032370
12
-1.111642
1.120481
-0.900430
0.079509
0.547861
-0.526048
-0.393480
0.479127
-1.652654
1.509279
-0.844670
-0.075903
12
0.927389
-0.500280
-0.447691
-0.500725
-0.588188
0.168327
0.357158
-0.780335
-0.498224
-2.029582
-0.456834
0.380609
12
-3.315406
0.182958
1.711557
-0.580991
1.301480
-0.150229
0.325512
-0.271497
0.003961
0.958664
-0.115794
-0.162303
12
-2.516823
-2.361390
-0.619287
-2.121674
1.504477
0.903929
-0.487717
-0.080978
-0.992204
0.386735
-0.085641
-0.590943
12
-1.007772
1.350476
0.568381
-1.914453
-0.756959
-0.147435
-0.062060
0.194335
1.796826
0.169801
0.943534
-0.046232
12
1.749682
0.000343
-0.626689
-1.806465
0.980428
0.713808
0.527701
0.615449
0.878774
0.546260
0.242800
0.250488
12
-0.591533
-1.504974
-0.922463
1.283545
0.351385
-1.126730
0.583546
-1.133128
-0.105458
-1.316939
-0.037776
0.430063
12
-1.052594
-0.394862
1.675083
-0.794895
-0.344063
-1.271405
-1.305955
0.741394
-2.231092
0.460850
-0.091851
0.123139
12
-0.726040
1.802704
-0.899031
-1.140181
0.222565
0.867561
0.751257
-0.184446
0.521060
-0.027138
-0.347763
0.737479
24
0.644254
1.082281
-1.159556
1.398038
1.276970
1.508892
-1.908308
0.032050
-0.647636
0.354133
0.534815
0.424881
0.655464
-0.382876
-1.020623
-0.646053
1.967559
0.598801
0.541656
0.281981
-0.003273
-1.551232
-0.549133
2.007167
1
24
-1.157459
-1.579309
-0.644547
-1.997690
2.844882
3.493631
2.919561
-2.003067
-3.435569
2.235256
0.982505
-2.667602
-0.804986
3.570230
-2.822979
-1.156095
2.873163
4.469888
-2.143482
-1.649148
1.809990
-1.119417
1.271269
-2.231855
1
3.840670
