1
24
24
0.266256
-0.781927
0.591946
-0.901769
0.105780
-0.051814
0.080818
0.421774
-0.255851
0.323101
-0.192645
-0.005179
0.802448
0.811260
-0.210037
-1.481817
-0.108549
0.055581
-0.253952
0.108484
-0.800465
0.812070
-0.283986
-0.010617
24
0.815210
-0.155299
0.156139
0.192485
0.047833
-0.002968
0.009566
0.212511
-0.315887
-0.329764
-0.122728
0.022783
-0.048444
-0.126909
2.056538
-0.778473
-0.014553
0.300840
0.009782
0.058063
0.033943
0.154925
-0.122296
0.112110
24
-0.394964
-0.719576
0.084588
-0.271208
-0.018028
0.001693
-0.004256
-0.172115
0.396014
0.345340
-0.025706
-0.016326
1.345608
-0.357305
0.092131
0.762776
0.417146
0.021678
-0.147096
0.251024
0.729745
0.455681
-0.219629
0.034979
24
2.233948
-1.219408
1.096049
0.488079
0.195182
-0.142212
0.383092
-0.026012
0.460568
0.475682
0.081254
0.002505
1.553307
-0.813738
-1.159118
-0.512040
-0.029784
-0.024321
0.227433
-0.113131
-0.485440
-0.393281
0.318155
-0.011183
24
0.684761
0.139294
-0.368557
0.228657
-0.016272
0.100776
1.739647
-0.444621
0.388040
0.293583
-0.473624
0.153163
0.706227
-3.557706
-0.622272
-1.016689
0.185349
0.336705
0.146632
0.366684
-0.702818
1.266539
0.049610
-0.278821
24
-0.334902
-0.032077
-0.023762
-0.114842
0.112522
-0.016840
-0.017486
-0.523455
-0.775177
0.367239
0.244143
-0.110358
-1.530432
-3.693829
-1.848909
1.843440
-0.092542
-0.322495
-0.138696
-0.090659
-0.413146
-0.108893
-0.119798
0.093820
24
-2.089153
0.203422
-0.474717
-0.271569
-0.128345
-0.062954
0.045859
-0.240849
-0.250195
0.542743
-0.157828
-0.004226
-0.308209
-1.274443
-0.487364
-0.330972
-0.049992
0.212722
0.068970
-0.158213
0.958066
-0.572349
0.112333
0.014330
24
-1.886924
-0.128892
0.313580
-0.240905
0.040657
-0.087893
0.218263
-0.527244
-0.577525
-0.422637
-0.114839
-0.101987
-0.142021
0.974336
1.296841
-1.124270
0.188823
0.259090
-0.089480
0.165993
-1.347089
0.963318
0.061059
-0.148406
24
-0.490348
0.560945
-0.293757
0.167093
-0.010338
0.024058
-0.135680
-0.702918
0.286392
0.888365
-0.050818
-0.188905
-2.144885
3.793979
0.316261
-0.255035
-0.605494
0.335168
-0.258919
-0.013706
-0.258841
-0.742415
-0.030986
-0.121577
24
-0.317318
-2.091190
0.962206
-0.929054
0.058058
-0.219356
0.420853
-1.205507
0.671793
-0.549941
-0.155201
-0.098239
0.037676
1.179465
0.834300
0.294585
0.125478
0.100778
-0.050044
0.064570
0.527814
-0.137752
-0.135106
-0.084090
24
-0.875363
-0.017757
-0.502972
-0.521628
-0.181150
-0.239698
0.397466
0.534879
-0.876815
-0.365887
0.212376
0.085387
-1.460670
1.710664
0.470677
1.263826
0.180417
-0.229945
0.127380
-0.265721
0.487926
-0.945924
-0.147898
-0.017921
24
-0.409345
-1.184643
-0.619022
-0.474890
-0.330553
0.040985
0.619057
0.663855
0.512085
-0.833003
-0.250413
-0.134011
-1.933924
0.062524
-0.444822
0.098618
-0.229622
0.270496
0.086665
-0.433826
0.432239
-0.422185
-0.167701
-0.017968
24
-0.106672
0.832924
0.300289
0.534968
0.100341
0.147579
-0.641278
0.259304
-1.258130
0.691458
0.061927
-0.039419
0.667492
0.416134
-0.739389
-0.357370
0.030299
0.220183
0.196309
0.040838
0.150400
-0.188884
0.083214
0.056270
24
0.426720
0.062646
0.117174
-0.463467
0.012645
-0.133858
0.629877
0.479393
-0.048512
-0.571295
0.054380
0.054527
0.451973
3.432020
-1.117473
0.366745
0.378138
-0.427127
-0.133780
-0.102188
0.029580
1.148188
-0.055965
-0.208835
24
-1.561354
-1.852838
0.960094
-0.387767
0.157437
-0.150734
0.034803
-0.379554
1.501868
0.095724
0.126340
0.134536
-1.276239
-0.773966
0.536888
0.162759
0.182787
0.047343
0.012469
0.067958
0.205190
-0.013772
-0.092256
0.016456
24
-1.123509
-3.634681
0.758051
-0.739075
0.010937
-0.249220
-0.059959
0.510827
-0.840859
-0.596207
0.116609
0.078313
0.225700
3.306883
0.404655
-1.633492
0.147240
0.630752
0.027114
-0.369616
-0.207198
0.738160
0.088890
-0.021990
24
-0.072096
0.283200
-0.565093
-0.671072
-0.350663
-0.179127
0.032289
0.149324
-1.149908
-0.144406
-0.039037
0.006608
1.057903
0.556468
-0.142573
1.710594
0.037863
-0.232333
-0.034090
0.099075
-0.466278
-0.294551
-0.031776
-0.031743
24
0.088816
-0.501548
0.064641
0.104399
-0.019009
0.030842
-0.038271
0.015527
0.045878
0.061339
-0.016277
-0.038486
-0.239721
-0.276827
-0.051182
0.271865
-0.043041
0.067850
2.282823
0.752817
-0.756537
0.522358
-0.069064
-0.073993
24
-0.450917
-1.077116
0.493714
-0.244256
0.118220
0.099753
-0.069195
-0.307682
0.496857
0.141187
-0.246760
0.201711
0.778678
0.829154
-0.301964
0.635969
-0.296364
0.097123
0.463601
0.319892
0.811634
-0.323197
-0.176597
0.233643
24
-0.039673
-0.370633
0.672719
-0.329991
0.208884
0.051648
-1.024727
-0.141076
0.136488
0.248005
0.099403
0.031111
2.759647
-0.368391
-0.279191
0.304784
0.246590
0.388818
-0.045590
0.056967
0.302965
-1.087633
-0.044354
-0.246767
24
-0.993402
0.214858
0.006630
0.276403
0.152397
0.259986
-0.194785
0.241213
-0.554085
-0.041106
-0.106021
0.011344
-1.068598
0.182143
1.213136
-0.136097
0.021674
-0.085928
0.047578
0.204452
1.349289
0.288020
-0.235085
-0.109582
24
-0.525824
0.778223
-0.751598
-0.499454
-0.200529
-0.003836
0.556766
1.802283
0.194271
-2.278889
-0.202917
0.208246
1.225587
-1.544279
-0.391978
-1.987167
0.154639
-0.314907
0.208418
-0.355849
-1.604733
-1.131922
0.100585
0.363913
24
1.450934
1.890197
-0.968333
1.179730
-0.083415
0.198455
-1.421529
0.518381
-0.702193
-0.818582
0.220023
0.057311
0.145396
-1.009683
-0.184036
-0.944918
0.252740
-0.127736
-0.027425
0.027682
-0.229385
0.380727
0.160821
-0.102557
24
-0.190627
-0.770405
0.205617
0.437195
0.026700
0.017573
0.193609
-0.001393
1.127381
0.694181
0.123710
-0.189856
1.050904
2.046267
-0.728764
-0.955757
-0.026233
-0.110942
-0.128920
-0.098108
-1.076167
0.104591
-0.026083
0.044862
24
-0.695567
-1.690477
0.686508
1.427856
1.755262
3.501169
-0.799212
1.414937
-2.948791
0.334760
-1.672543
-1.000858
2.279018
0.091518
-2.775739
-5.886119
-0.170043
-2.177091
-1.001514
0.217058
-0.674580
2.679410
3.073963
-2.353045
1
24
2.889335
-5.941459
5.660579
6.124206
2.350835
-6.124536
-4.407919
2.573404
6.323020
-4.207130
3.838717
-2.949732
-4.284294
-4.371143
4.332169
3.749755
3.546651
-4.607424
3.968493
-2.813480
5.153811
2.303213
4.205155
-3.195028
1
-2.175760
