1
24
6
-0.519605
0.407152
-1.001927
0.573413
-0.700120
1.127611
6
-0.905088
0.200353
0.930062
-0.814964
1.233472
0.729852
6
-0.138704
1.220891
0.865692
0.683210
-2.041503
1.263569
6
-0.907976
1.013671
0.203173
0.508895
-0.325963
-0.442282
6
-0.206729
-0.994329
-0.473313
0.783098
-0.646271
0.181661
6
-3.036781
0.164540
2.362471
0.716122
0.360620
0.428144
6
1.162747
2.413046
0.245043
1.579549
-0.914281
-1.498142
6
-1.291565
-2.442524
0.599140
1.239841
-0.370056
0.832937
6
0.746800
-0.540822
1.031678
0.962206
0.382072
0.132231
6
-1.896029
0.141876
1.419674
0.202420
0.623821
-0.237150
6
-0.621855
1.230302
1.064530
1.215436
-1.832625
-2.233326
6
0.124106
1.129328
1.054107
-0.406281
-1.780883
1.493375
6
0.947602
0.136555
-0.100784
2.066030
-0.061451
-0.298216
6
1.990332
-3.438888
-0.478899
-1.099272
-0.017672
-0.604342
6
-1.511748
1.552111
-0.184203
-1.292627
-0.315873
0.161798
6
0.368614
1.967163
-0.494517
1.114880
-1.255022
-1.059579
6
-0.632288
0.952120
-0.942076
-1.240647
-0.405370
-0.116091
6
-0.432907
-1.738208
0.530367
0.841844
0.790983
0.041516
6
0.693166
1.891343
-0.796902
1.031664
0.302484
-0.588449
6
-0.193468
0.113249
0.985217
-0.362109
-0.053507
-0.672027
6
1.700938
-0.986696
1.458470
-0.592682
0.979023
0.350629
6
0.603368
1.852318
0.431771
-0.049395
-0.686324
1.788275
6
-1.937961
3.640663
1.336939
2.199483
0.481009
-0.724278
6
-1.638541
1.197256
1.199717
-2.082936
1.346990
-1.417406
24
-0.209570
0.023729
-0.815206
-0.036997
0.504079
1.435359
0.842688
0.468058
0.296872
0.655919
-0.384895
-0.170169
-0.164804
-0.036281
-0.752440
0.436919
0.266389
-0.240426
0.834840
-0.030755
0.628538
-1.302291
-1.639417
0.420786
1
24
0.081802
0.647855
0.407106
-0.120414
-0.973041
2.973406
2.124027
-1.021142
-0.196066
1.269748
-0.882634
0.601520
0.916593
1.631853
0.248475
1.025210
-0.672902
0.549295
1.732598
-0.012945
-1.481881
1.791632
-4.237818
1.109242
1
-1.495608
