1
24
18
-0.901269
0.047622
1.164043
0.343849
0.424517
0.209218
-1.035822
-0.007861
0.217803
0.015729
0.013711
0.374832
0.898515
-1.574691
-0.409646
-1.092242
0.475579
-0.116858
18
-0.485971
-1.324727
0.830416
-0.534555
-0.060379
0.639487
-0.706916
0.648409
0.249120
-0.629454
-0.316067
-0.270025
-1.058374
-0.486812
0.362056
0.034367
0.417993
-0.092411
18
0.454243
-0.129532
-0.561292
-0.397750
-0.136208
0.495374
0.725886
-0.286748
-0.457208
0.001946
-0.449686
0.573838
-0.008554
-0.335285
-0.693303
0.890903
-0.335439
0.077382
18
-0.148485
-1.025786
-0.345249
-0.219767
-0.340741
0.101566
-0.439671
-0.122525
-1.294584
-1.883291
0.199102
0.352494
0.078234
0.211503
-0.187394
1.091990
-0.695957
-0.064948
18
0.941100
2.509560
0.060768
1.108696
-0.130682
0.243461
0.459826
-0.556258
0.561971
0.369785
-0.202304
-0.145817
-0.339860
1.492791
0.665004
0.499069
0.079261
-0.630151
18
0.054373
-0.197229
0.055465
0.533036
-0.200194
-0.491312
1.225406
-1.965744
-1.430912
-0.187988
-0.014414
0.204920
1.224733
1.137775
-0.480342
0.118165
-0.194857
0.148449
18
0.210022
-0.936697
-1.094816
0.733933
-0.253778
0.165626
0.651985
-0.008388
0.606384
0.284699
-0.088532
-0.330753
0.094991
1.338727
-0.600577
1.033586
0.002937
-0.189481
18
0.944883
1.481586
0.404642
-0.172715
0.388755
0.068956
-0.323792
0.100312
-0.709425
0.114428
0.107136
-0.198621
0.300509
0.706923
-0.938411
-1.251508
-0.233227
0.355881
18
-0.122381
-0.231800
0.686032
0.899927
-0.345930
0.171539
0.106810
-0.257872
-0.182043
0.088423
-0.043947
0.704141
2.117408
-0.707279
-0.996954
0.125255
0.600914
1.329173
18
0.429348
0.839957
-0.220873
0.184007
-0.094216
-0.253788
-0.816014
-0.730900
-0.255461
2.076741
-0.257846
-0.296712
0.321126
1.159810
0.900050
1.104832
-0.401283
-0.115847
18
-0.666464
-0.811580
0.111485
-0.564078
-0.093034
0.238489
0.690353
-0.727834
0.121815
-0.323843
-0.899854
-0.361093
0.626414
-0.197590
-1.595880
-0.002852
0.379359
0.146725
18
0.217060
0.616846
0.050895
-0.195090
-0.045836
-0.130094
-0.074168
-0.090185
0.974662
-0.425221
-0.023140
0.284171
1.678041
-3.061565
0.552184
0.136070
0.024839
-0.469899
18
0.351672
0.235884
-0.660350
-0.637044
0.314350
0.121182
0.497405
-0.155434
-0.758077
-0.105064
-0.037916
-0.558349
0.314783
0.683696
0.515444
-0.448836
0.409104
-0.739060
18
0.362215
-0.988183
0.587736
0.093412
0.254037
0.146983
-0.182229
-0.511208
0.789193
0.032928
-0.021804
-0.215560
2.555860
-0.836848
-0.847179
-0.201669
-0.241840
0.960486
18
0.499574
1.109567
-0.468424
0.824198
-0.321411
0.268170
0.252516
-0.406947
0.566670
0.477300
0.143942
-0.210323
-2.026855
-0.110439
-0.130237
0.065963
-0.540159
-0.042983
18
-0.274941
0.486752
0.179702
0.300649
-0.088552
0.313222
0.514488
-0.173187
0.667979
-0.651769
-0.025436
-0.299921
0.061969
0.244258
-0.718912
-0.360745
1.102132
-0.329731
18
-0.294385
0.384231
-0.240253
-0.019660
-0.445429
0.420687
1.194713
0.781702
1.106896
-1.479146
-0.083760
-0.311316
-0.011002
-1.085011
0.064318
0.047425
0.877010
-0.591607
18
0.341800
0.689597
-0.024136
0.247358
0.205747
0.110979
0.619819
-0.004074
-0.764313
-1.267375
0.386491
0.161682
-1.874581
-1.912028
0.872695
-0.436589
0.312541
0.597676
18
0.460476
0.450784
-0.304718
0.640521
-0.400719
-0.042813
1.384547
2.053745
0.268479
0.623246
-0.499184
0.395899
-0.682637
0.660702
1.130504
0.171454
0.029729
-0.440248
18
0.231032
1.274806
-0.965174
0.212676
-0.166071
0.172331
-0.155742
-0.144926
1.587077
0.424268
-0.239676
-0.032736
1.840124
-0.091397
-1.542449
0.911743
-0.212623
-0.070114
18
0.646738
0.411728
0.788291
-1.434559
0.293739
-0.103343
0.056529
-0.800783
-0.494522
-0.348055
-0.026993
-0.197728
-0.707243
1.046407
-0.299217
0.349196
0.090532
0.206158
18
-0.508653
0.321655
0.617058
-0.564219
0.292102
0.077718
-0.097914
0.512369
0.496511
-0.024284
0.145304
0.144759
0.501230
2.505864
-0.616821
1.699848
0.171294
-0.175082
18
-0.045188
-0.165690
0.029282
-0.286798
-0.065731
0.003749
0.123578
-0.561740
0.440616
0.412409
-0.298318
0.239837
1.416503
2.733718
2.170082
-1.113809
-0.078105
0.302134
18
0.350405
0.806556
0.335113
-0.278596
-0.039369
-0.208027
-0.270142
0.747425
-1.460321
-0.966156
-0.219109
-0.309958
1.216797
0.538572
-0.671556
0.552473
0.344619
0.004779
24
1.729148
-0.439558
-0.929602
0.662122
0.913675
0.669200
-0.608250
-0.351677
0.331900
-0.267781
-0.028911
-0.002063
0.422684
-0.681351
-0.937446
1.051855
0.012738
-0.878666
0.648011
-0.834444
-0.440179
1.962458
-1.904166
0.089345
1
24
-2.645071
2.034247
1.205705
-2.347064
-3.078007
2.520812
1.849189
2.813144
-1.385025
-2.512345
-1.208853
5.453197
-0.979054
-3.032254
3.534574
2.449651
-1.942607
-2.596168
-2.143860
-3.135176
-3.662475
4.613906
4.301654
2.467609
1
1.682850
