1
24
18
-1.506306
2.376524
0.883518
-0.703617
-0.266555
0.266550
-0.339754
0.415873
0.915708
-0.048282
-0.461330
0.186694
-0.687349
-0.340523
0.211243
-0.928874
0.006202
-0.037135
18
2.201695
-0.313022
0.331999
-0.069060
0.261905
-0.418050
-1.520480
1.143298
-1.258885
-0.105628
-0.599236
0.287179
-0.243659
-0.080147
-0.324743
-0.191094
0.111440
0.042144
18
-1.781037
-0.253537
0.460663
-0.536849
-0.154132
-0.032203
-3.448435
0.512771
-0.160921
0.277626
0.073805
0.275711
-0.011507
0.089088
-0.107017
-0.881437
0.051066
0.005967
18
-1.140948
-2.290849
-0.755005
1.606704
-0.288490
-1.249847
1.908059
0.918008
0.380782
1.409932
0.566313
-0.068308
-2.862564
-1.275975
-0.175775
-0.227096
-0.299112
-0.088311
18
0.233010
-0.123722
-0.104818
0.097277
-0.057033
-0.019440
0.632792
-1.405731
0.627993
1.342752
-0.082517
-0.344593
0.024924
-1.837414
0.254364
0.356959
-0.150701
-0.069539
18
-0.633330
0.008388
-0.233425
0.085457
-0.081182
0.063593
-0.731914
0.947122
-0.729297
-1.357046
0.061505
0.399177
-0.055699
-1.114080
-0.225455
0.513487
0.023885
0.041427
18
-1.484731
0.765329
-0.897428
0.239022
0.248053
-0.172624
-0.972491
0.842865
-0.774492
0.887128
0.404672
0.008757
0.258007
-0.192672
0.372268
-0.007131
-0.077182
-0.159158
18
0.670680
-1.398127
1.573897
-0.571892
-0.065041
0.094202
-1.235385
1.985133
-0.422274
0.689924
-0.233176
-0.304292
0.328897
0.114000
0.243214
0.653769
0.026759
0.178979
18
-1.240023
1.893662
-0.861168
0.082802
0.139998
0.213163
0.416824
-0.251090
-1.559512
-0.073118
0.137980
-0.209283
0.395725
-0.155041
0.453253
0.147429
-0.053473
-0.012875
18
1.620602
2.964061
-1.371544
2.244352
-0.417592
-0.775458
0.916926
-0.706021
0.624668
1.031481
0.271848
-0.470739
0.336565
0.114208
0.389991
-0.137573
-0.131045
0.160567
18
0.752398
2.364312
-0.303780
-0.204212
0.122622
-0.334749
1.309094
0.333349
0.969048
0.067600
0.177429
0.421390
0.085095
-0.054408
0.701399
0.918096
0.013995
0.082573
18
-1.444675
-0.310284
-0.578258
-0.451761
-0.052104
-0.040639
-1.805009
-1.651718
-1.371372
1.473314
0.092753
-0.658770
-0.306980
0.057097
-0.973216
0.165960
-0.052343
0.194920
18
-1.426759
0.070555
1.310464
0.772247
0.152625
0.042655
1.596128
0.015662
0.472610
0.762368
0.313923
-0.118651
-0.358198
-0.099318
-0.226987
-0.147483
-0.042235
0.060788
18
0.751894
2.101843
-0.580409
1.362964
-0.113545
-0.415709
-0.557229
0.468362
-0.880115
-1.128099
-0.003778
0.343072
-0.146160
0.049819
-0.220254
0.419232
0.030143
-0.002016
18
-2.023428
-1.739946
-0.822483
0.661503
-0.142929
-0.208327
-1.400244
0.067626
-1.215332
0.808944
-0.099099
-0.330334
0.043375
0.193483
0.411438
-1.498007
-0.178478
-0.133461
18
-1.940405
0.599245
-0.429779
0.664854
-0.313999
0.138520
0.780859
0.323997
0.133361
1.155780
0.379999
-0.430199
0.291546
0.249809
0.102727
0.889392
-0.085398
-0.096621
18
-0.650546
1.967389
0.120896
-0.902017
-0.274825
0.409294
0.664392
-0.582912
-0.174764
-0.127065
-0.028997
-0.114842
-2.589705
0.363751
-0.400299
-0.444655
-0.035817
-0.176201
18
-1.389828
-0.074299
1.484566
0.348668
0.020198
0.051342
0.369713
3.795705
1.797399
0.624254
-0.587156
-0.158900
-0.211531
0.128714
0.095367
-0.228091
-0.020128
0.018892
18
-0.011209
-0.211910
0.514612
0.331513
0.571912
-0.147258
1.722125
1.343624
-0.388387
1.436522
-0.118776
-0.208647
0.246112
-0.229895
-1.119211
0.656006
-0.040704
-0.056907
18
-0.427076
-1.505542
0.345128
-0.643441
0.199831
0.315785
0.043740
-1.467720
0.366140
-0.615195
0.162730
0.291743
-0.186585
0.028033
0.151610
-0.356834
-0.111896
-0.003729
18
1.199934
-1.363723
0.288599
0.393004
-0.037379
-0.574481
-2.523673
-1.002632
-1.225727
-0.237483
0.071834
0.074731
0.385202
0.016961
0.327914
-0.762078
0.003628
-0.048079
18
0.114068
2.608503
-0.238363
-0.569653
-0.155535
-0.030727
0.975048
0.899864
1.230255
0.558402
0.007862
0.513885
0.057950
0.087435
0.088671
0.686120
-0.036998
-0.065779
18
0.321372
0.435521
0.419079
0.100310
0.175832
0.078178
-0.633363
0.750227
0.159258
0.072127
0.032102
-0.176863
-0.366719
0.206617
0.179604
1.132709
0.011301
-0.088623
18
-2.825881
1.355853
-1.270207
0.204645
-0.121238
0.178877
0.666543
-1.345960
0.398325
-0.402897
-0.100694
0.167201
-0.265999
-0.027477
0.102707
-0.122454
-0.132357
-0.156421
24
-0.017527
-2.457624
1.434140
-0.974722
-1.518133
1.348737
-0.325021
1.549367
-0.463964
1.703750
0.590375
2.018549
-1.099324
1.140121
2.482262
1.528947
-0.239973
0.162949
-0.637239
0.237441
-0.928271
-0.296825
-1.311991
0.060857
1
24
-1.967127
4.798137
5.038144
0.721063
3.526396
-4.767126
-4.202558
3.910942
3.770607
1.647672
3.546590
-2.792565
-4.710604
5.026625
-3.383466
3.457737
1.821818
3.610322
2.291597
5.113616
-3.570731
-4.519784
-5.926140
4.373582
1
-5.215498
