1
24
30
-0.820076
0.563752
-0.112059
-0.052220
-0.182043
-0.162738
-0.559642
0.100614
0.384086
0.162638
0.191040
0.110030
2.296630
1.439047
0.740417
0.836834
-0.071176
0.027329
1.762785
-1.785650
0.683128
0.224625
0.273083
0.068351
0.179735
-0.011636
1.148009
0.431780
0.021235
-0.127760
30
0.677324
-0.600963
0.506899
0.510452
0.134098
0.054024
0.220970
-0.064437
1.374418
0.223715
-0.214103
-0.030580
-0.262723
-1.560573
0.837008
0.819204
0.074392
0.179109
-0.511497
1.382309
-0.241091
0.476351
0.017968
0.004935
0.088223
0.038047
-0.065035
0.034255
-0.033505
-0.015048
30
-0.141066
-0.037353
0.275388
-0.112960
0.083287
-0.062904
-0.091817
-0.384747
-0.368874
0.611861
0.103008
-0.017552
1.440024
3.362827
-0.569911
1.650566
-0.195778
-0.216646
0.116142
0.398456
-0.363923
0.232141
-0.226980
0.065492
-0.285255
0.040510
-0.056964
-0.029158
0.081130
-0.006222
30
-3.128893
-0.398365
1.014252
-1.025555
0.149201
-0.210797
-2.898271
1.128217
-0.528749
0.212134
-0.007549
0.093564
0.462859
-1.408714
-0.473626
-0.376525
-0.058895
0.171016
0.310350
-0.132280
0.310874
-0.020931
-0.141930
-0.093601
0.079306
0.062415
-0.149620
-0.039613
-0.019999
-0.005094
30
-0.511654
0.313951
-0.541744
-0.003734
-0.176987
0.026513
0.090687
0.331464
-0.055778
0.065475
0.105373
0.053214
-1.467631
-1.335493
-0.502008
0.838392
-0.231958
-0.362018
-1.891394
1.487704
1.933076
0.937566
-0.346160
-0.524101
-0.300444
0.002783
-0.517402
0.450596
-0.096023
0.020788
30
-0.231601
0.297346
-0.371650
0.261722
-0.144170
-0.101824
-0.009698
0.160967
0.045214
0.002074
0.053917
0.040106
1.276359
0.926321
-0.596485
0.156893
0.003826
-0.022817
1.748794
-0.025403
0.944458
-0.336454
0.144983
0.080632
-0.018784
-0.066426
0.194607
0.876660
0.064638
-0.045807
30
0.157365
-0.557558
0.058600
0.030718
-0.059550
0.195240
0.158793
-0.034195
0.471233
-0.440725
-0.135122
0.051420
1.278859
0.010963
-1.075909
0.111903
-0.117340
0.110405
2.130138
-1.493440
0.060725
1.766573
0.033252
-0.319567
0.298352
0.023777
0.424379
-0.146789
-0.086765
-0.001747
30
-0.215267
0.335523
-0.003648
-0.085441
0.015625
-0.110867
-0.195102
0.053302
0.332299
0.441661
0.036617
0.048058
0.734811
0.675725
-0.704226
0.199049
-0.151577
0.007018
1.340926
-2.546499
-0.645218
-0.382410
0.339408
0.149372
-0.193434
0.015984
-0.059891
-0.241105
0.006574
-0.034677
30
-0.402240
0.224867
-0.077400
-0.108261
-0.172297
0.163061
0.117100
0.391028
0.343011
-0.349517
-0.061899
-0.069065
-0.227465
-0.001995
-0.111144
0.695198
0.362961
0.059448
-1.116485
2.586929
-1.125636
0.020405
0.118182
0.535001
0.322403
0.028487
0.583562
-0.402288
-0.000305
-0.117896
30
0.693594
-0.566650
0.301775
0.323192
0.080743
0.185272
0.140440
0.050599
0.012936
-0.517238
-0.134544
-0.093303
0.480420
-0.637660
0.319936
0.258184
0.083487
-0.181109
-1.674953
1.437637
0.267487
0.963881
0.062869
-0.102087
0.234608
-0.035832
0.053374
0.638977
0.140265
0.030764
30
0.107355
0.134020
-0.274916
-0.030547
-0.095748
-0.088007
-0.169494
0.545133
-0.155059
0.168605
-0.062111
0.056639
0.779442
1.887147
-0.222849
-0.082807
0.162536
-0.057613
1.593042
-0.232460
0.788073
-0.485926
0.161313
0.088890
0.160646
-0.030012
0.375021
0.371238
0.038816
-0.058644
30
0.325062
-0.253203
-0.062477
0.092157
0.014450
0.082944
0.185950
-0.003834
-0.182917
-0.341824
-0.019000
-0.015923
-0.432187
-0.990463
0.319291
-0.473226
-0.025519
0.011218
-0.952255
-2.135329
0.487861
-0.693590
-0.230810
0.203456
0.162106
0.023535
0.038679
-0.400891
-0.036944
-0.065549
30
0.044917
0.086234
-0.286820
0.205862
-0.149289
0.059941
0.198831
0.293751
0.210589
-0.145798
-0.180695
-0.002482
0.403066
1.372582
0.247644
-0.542567
0.065690
0.296407
0.643337
0.188861
0.429463
-0.025276
0.021434
0.088064
-4.443276
-0.053392
-2.002845
-0.145535
-0.489913
-0.108147
30
-0.617776
-3.268194
0.067815
0.182958
-0.103698
-0.284989
2.676819
-0.536002
1.637984
1.341075
0.001844
0.591853
-0.055237
-2.254347
-0.269325
-0.918528
0.068390
-0.016618
-0.050124
-0.820698
-0.159324
-0.055476
-0.141106
0.028357
0.089479
0.116623
-0.198434
0.250241
-0.123460
-0.017906
30
0.008194
-1.127344
0.486589
-0.216035
0.132764
0.057708
0.036603
-0.037892
0.446653
-0.946889
0.125043
0.140020
-2.328096
-2.726628
0.761399
-1.766104
0.016584
0.175030
0.477988
-0.146808
-0.585865
-1.228729
0.417283
0.154700
0.104442
-0.105138
-0.229099
1.650280
0.216684
0.124457
30
-0.744405
1.134375
-0.401354
-0.156218
-0.077693
-0.467861
-0.263945
-0.204535
-1.495747
0.562172
0.317202
-0.378071
-2.733074
-1.370631
2.996598
-0.537818
0.481728
-0.447014
-0.768811
0.275273
4.309784
-0.621931
0.685274
-0.139014
-0.448960
-0.078986
-0.997096
-1.322312
-0.050713
0.311729
30
0.580919
-0.127864
0.043469
-0.314187
0.025212
0.138866
0.427540
-1.679591
-0.503398
0.166282
-0.131504
-0.073887
0.328390
0.025853
-0.148436
-0.261914
-0.051168
0.046703
0.903230
-0.395593
-0.033457
-0.316125
-0.118181
0.010905
-0.109741
-0.022637
-0.036804
0.046515
-0.013742
-0.015538
30
-0.213959
0.087357
-0.054756
0.053333
-0.045963
-0.076287
-0.081558
0.192665
0.397632
0.439666
0.007572
0.036492
-1.178410
0.882658
0.081459
-0.620061
-0.027387
0.227319
1.089781
-0.461974
0.251402
-0.229870
0.134367
0.010210
-0.049505
0.018660
0.116357
-0.219019
-0.138974
-0.007108
30
0.978052
-0.604948
0.577066
0.094240
0.291528
0.177899
0.324363
-0.473766
-0.054529
-0.192461
-0.120621
-0.116805
-1.827902
0.455098
-0.217675
-1.059662
-0.073458
0.220149
-1.759148
0.954722
-1.194081
-0.218150
-0.229032
-0.154783
-0.050419
0.084920
-1.036779
-0.364591
-0.147098
0.209613
30
-0.672073
0.026022
-0.156614
0.131706
-0.161667
-0.133792
-0.142761
-0.235270
0.269257
0.492632
-0.054592
0.055626
0.960160
0.668379
-1.166060
0.250044
-0.269147
0.236884
0.772470
1.501301
0.529096
0.492278
0.219574
-0.081014
-0.300416
0.086787
-0.044993
1.107352
-0.106337
0.111782
30
-0.155540
0.980703
0.102136
-0.016964
0.143660
-0.163318
0.075675
-0.145022
-0.536822
-0.243411
0.185919
0.041258
-0.880101
0.070277
0.923611
-0.025564
0.099957
-0.068843
0.075847
0.229197
-0.133711
0.014404
-0.041673
0.087893
-0.294366
0.022945
-0.013719
0.243228
-0.018838
-0.061873
30
-0.808846
0.953947
-0.352050
0.364593
-0.063576
-0.037451
0.287817
-1.031956
-0.009073
-0.738941
0.224824
-0.020934
1.088511
2.150940
-0.117007
0.474909
-0.067479
-0.069044
0.889861
-0.103653
0.797074
-0.319132
0.098108
0.163150
0.059993
-0.012201
0.351544
0.074720
0.030765
0.053699
30
0.154779
-0.098348
0.118809
-0.335951
0.033746
0.124379
0.039994
0.098095
0.151726
-0.288773
-0.106301
0.040274
-1.309859
-1.762248
-0.033572
-0.218748
0.161797
-0.115626
0.317137
0.459765
-0.931790
0.241444
0.206430
-0.018384
0.273830
0.003443
-0.079404
0.368637
-0.021920
-0.045097
30
-0.373752
0.346945
-0.147296
-0.014234
-0.068824
-0.114443
-0.254324
-0.159387
-0.034930
0.400704
0.083819
0.027712
-0.193505
1.111935
0.128639
0.010008
0.158939
0.075535
2.622395
1.625128
-0.076306
0.973535
-0.077584
-0.217078
-0.156562
-0.092478
0.016765
1.020293
0.023425
0.020609
24
-1.593606
-1.213947
3.757014
2.612462
-2.294021
0.195649
-5.355372
0.938056
-0.187236
-2.149712
-0.741840
-0.408625
-1.416637
-2.644041
-7.836644
12.078885
0.582530
2.237681
0.856139
-0.616270
-0.513862
0.499361
0.435071
2.078483
1
24
-3.005937
3.226898
6.691148
-3.112954
-2.591554
-6.713086
8.125859
-6.430693
-2.925076
-8.390643
5.985032
8.868099
1.851593
-1.570389
6.500510
8.689449
-5.177860
-10.507982
-3.456108
3.463353
-7.262543
3.889650
5.190121
5.616801
1
0.856107
