1
24
18
2.617187
0.277676
-1.943641
-0.165612
-0.366830
0.112565
-1.124546
-3.712739
0.612073
-1.067348
-0.034216
0.058945
0.307686
-0.092489
-0.137667
-0.907027
0.126030
0.038775
18
-1.586119
-2.270671
0.929672
-0.530214
-0.062330
0.142404
0.035151
-2.760876
-1.714980
0.034018
0.214697
-0.131796
0.171627
0.054280
-0.304647
0.720817
-0.121346
0.165842
18
-0.198436
-1.078723
-0.739974
0.443210
0.102383
-0.263489
-2.699742
-0.402555
-1.164247
0.146533
-0.304124
-0.059721
-0.207969
0.082978
-1.014750
-0.048452
0.032322
0.015723
18
2.473970
3.277950
-0.505816
2.530749
-0.224287
-0.157546
0.689164
0.902091
-0.090506
-1.124512
0.071091
0.604177
-0.474700
-0.027052
-0.222878
0.766873
-0.193630
-0.122904
18
-0.529996
-0.323253
0.139297
0.657365
0.087793
0.031394
-0.103436
1.631068
0.103424
0.032569
-0.444109
-0.239630
0.039080
0.208532
-0.169367
1.121736
-0.109562
0.061844
18
0.207394
0.371364
0.049253
0.854548
-0.341252
-0.083415
-0.441648
1.100211
0.493835
0.763020
-0.467147
-0.618410
-0.127092
0.138346
-0.445844
0.602888
-0.081429
0.127667
18
-0.997848
1.448298
0.134385
-0.271795
-0.112551
0.087388
2.097620
1.936489
0.233965
0.194334
-0.243244
-0.189426
-0.007350
0.004156
-0.013051
0.785085
-0.024183
0.081817
18
0.647567
1.192416
1.033325
-1.074005
0.119259
0.013062
-1.971840
0.230230
-0.858982
0.289016
0.267201
-0.116729
0.086853
0.190657
-1.722552
-0.117045
-0.046572
0.024286
18
-1.003164
0.117062
0.524387
-1.262462
-0.124430
0.014585
3.384654
-0.982808
-1.705614
0.247426
0.731331
-0.899506
-0.332301
0.123671
-1.008669
0.828259
0.220940
0.588956
18
1.925413
-0.497969
1.349775
1.037265
0.237485
-0.827553
1.259536
0.559064
0.189555
1.074385
-0.583207
-0.546711
-0.104669
0.065567
-0.265463
-0.081065
0.187669
-0.149638
18
-2.588396
-1.937606
-0.458892
1.084792
-0.350635
-0.313896
-0.969036
0.915225
-0.939002
-0.054629
0.245856
-0.220475
-0.093881
-0.004944
-0.385055
0.719466
-0.100198
-0.012496
18
-0.048356
1.001251
-0.130180
-0.531128
0.030671
0.081261
-0.715773
1.255271
-0.542558
-1.039970
-0.061423
0.463005
-0.375615
-0.170966
-0.792201
-0.093948
-0.104091
0.043671
18
-1.985207
0.661838
-0.963372
-1.361832
-0.621049
0.420745
1.179951
-1.475503
0.038165
0.032074
0.464702
-0.161398
-0.159381
-0.001031
-0.427336
-0.113147
-0.078825
0.133405
18
0.848776
-0.515247
0.600765
0.877956
-0.015092
0.024277
1.397188
1.182658
0.595102
-1.552035
0.375909
0.448342
-0.019961
-0.129063
0.602316
0.682367
-0.052649
-0.071215
18
0.209870
-0.452493
-0.563618
0.200561
-0.036204
-0.201091
1.377602
-0.045450
0.898701
-0.256801
0.194853
-0.050702
-0.138237
0.643639
0.560742
1.373735
0.149757
-0.232512
18
0.594364
-1.369892
-0.431327
-0.173718
-0.126892
0.085429
-2.559789
0.380304
0.085879
0.813286
0.035164
0.010986
0.456773
-0.260149
0.556672
-0.602038
-0.011020
-0.032515
18
0.024329
1.510687
-0.719300
0.649296
0.061515
-0.306378
-0.443416
0.090088
0.167807
-0.417002
0.225298
0.044139
0.297028
0.016558
0.685003
0.747907
0.028128
0.108743
18
-0.041175
2.670287
-0.852290
0.432889
0.381483
-0.142456
-0.485679
1.544761
0.745688
0.274730
-0.260203
-0.069373
0.172381
0.109176
0.860733
0.572372
0.123760
0.001469
18
0.360016
0.341960
0.104276
-0.280346
0.486691
-0.047378
3.131079
0.230149
-1.029533
1.644410
0.074351
-0.007277
-0.224073
-0.086978
-1.125411
-0.484766
-0.015395
-0.046985
18
0.305312
-1.292567
0.141722
-0.050714
0.084622
-0.128526
-0.734173
-0.971360
-0.079782
0.187629
-0.003875
-0.098009
-2.899391
0.147277
-0.019812
-0.549051
0.124875
-0.106981
18
-0.164089
1.876524
-0.635190
-0.942024
0.020331
0.536977
0.475286
-0.737278
-0.075214
-0.376272
-0.161832
0.353993
-0.378391
-0.150526
-0.423423
-0.960273
-0.188092
0.101164
18
1.011055
-0.613536
0.576449
-0.217133
0.240103
-0.355303
0.482839
0.996237
0.010932
-0.781438
0.304280
0.229398
-1.200244
-1.511225
0.473520
-1.584885
0.526867
0.446466
18
1.660710
1.387713
0.368137
-0.040801
0.443647
0.449692
-1.540288
1.153896
0.724289
0.047406
0.308657
0.118067
0.093926
0.023847
0.042972
0.044776
-0.036331
-0.120716
18
-0.180915
-2.044540
0.585590
-0.500449
0.245079
-0.064732
-1.070953
-2.408742
0.122925
-0.186305
-0.061163
-0.279319
0.886646
-0.041338
0.016206
-0.598516
0.228952
-0.154315
24
-5.859468
0.255899
-1.363689
3.234591
0.527923
-0.191490
0.046481
0.001371
-1.111602
-0.066572
0.450061
2.389163
-1.883486
-1.316794
-0.958358
-1.125148
0.178296
-1.004407
-2.133554
-0.862963
1.488086
-1.477697
-0.523263
-0.873218
1
24
-5.236887
-2.568886
3.287395
3.651056
4.669652
-3.079804
5.715261
2.150065
-1.167379
1.668662
-4.132995
-6.666433
3.508446
3.858530
-3.241698
2.916025
6.536745
-4.139706
3.155798
3.049038
4.252458
-1.516462
-4.117487
3.465811
1
-3.453745
