1
24
30
0.718763
2.726187
-0.740144
0.593587
0.038827
-0.017297
0.069559
0.173412
0.219969
0.718395
-0.101316
-0.044894
1.220364
1.553712
-0.401528
1.344674
-0.001894
-0.233123
1.665841
0.675036
0.773011
-0.704203
-0.326669
0.225742
-0.228856
0.097803
-0.387958
0.366056
-0.061889
0.018044
30
-0.534966
0.435990
-0.492790
-0.684025
-0.083634
0.012619
0.140584
-0.133944
-0.117575
-0.260783
-0.011007
-0.054834
-0.602098
1.711724
-0.802144
-0.109982
-0.289110
0.054788
0.797129
-1.109982
-0.291361
-0.735089
0.236620
0.058012
0.014642
-0.174418
-0.098014
-0.761358
0.041590
-0.012539
30
-0.171159
0.015832
0.780182
0.287219
0.251704
0.002321
-0.277643
0.166859
-0.079376
0.313791
0.035826
-0.086868
0.435295
1.050938
0.509245
0.353492
0.008655
0.101922
2.956329
-0.597717
-0.852387
1.257754
-0.011305
0.129763
-0.307171
0.047654
-0.620613
-0.902282
-0.083862
-0.172380
30
-0.233274
1.076083
0.055495
-0.205569
0.054518
-0.128012
-0.120112
-0.291055
-0.641250
0.498830
-0.009498
0.013764
-2.565104
-0.066988
2.278329
0.550121
0.189357
0.218496
2.809954
3.651541
-1.056080
2.421291
0.103335
-0.241304
-0.407324
0.029869
-0.249040
0.352228
-0.165867
0.000804
30
-0.899124
-3.464009
0.841218
-0.782800
0.032508
-0.094582
0.014825
0.137889
-0.181873
-0.846849
0.182098
0.034065
1.594441
1.728877
-0.281831
-0.097978
0.025351
-0.140088
0.140366
-0.257716
0.157860
-0.189705
-0.043893
-0.029233
0.062036
0.070695
-0.054647
-0.210452
0.136834
-0.047049
30
-0.082845
0.287914
0.932058
0.561086
0.337444
-0.079313
-0.743264
0.366175
0.011105
0.528934
0.146355
-0.004681
0.842855
2.070677
0.535918
0.277371
-0.038917
0.160568
3.254882
-1.724031
-0.933864
0.672255
0.417919
0.090657
-0.148052
-0.045440
-0.182152
-0.712711
-0.046387
-0.019057
30
-0.372884
-2.123133
0.664427
0.617214
-0.042832
-0.174001
-0.540881
1.551718
0.342228
-0.234536
0.247853
0.061086
-0.340663
-0.586547
0.256318
-0.143985
0.143909
0.032854
-0.098776
-0.123660
-0.477369
-0.154664
-0.061322
0.017176
0.094799
0.016224
-0.072356
0.006455
0.004264
0.005428
30
-1.055565
-2.870745
1.227199
0.042352
0.070070
-0.124734
-0.434814
1.153306
0.287577
-0.159053
0.111926
-0.006650
0.058166
0.179934
0.311254
0.002995
0.076595
0.031121
0.911725
0.064616
-0.774318
0.182067
0.095141
0.016821
0.052563
0.018757
0.051537
0.094731
0.015219
0.024485
30
0.387990
0.305269
-0.245787
0.139118
-0.037195
-0.021837
0.053862
-0.105742
-0.238817
-0.063787
0.096514
-0.041249
-0.380737
0.412475
0.312593
0.538287
0.098745
-0.078807
-3.049206
2.555872
-0.212641
1.349481
0.295832
-0.015888
0.155640
0.040090
0.117001
0.257444
0.006221
-0.062481
30
0.118690
0.193538
0.152284
0.085848
0.102317
-0.047770
-0.079423
-0.098875
-0.326046
0.129430
-0.053304
0.001997
-1.200029
0.228293
0.802382
0.326956
-0.003174
-0.047917
2.008212
0.473660
1.241808
-0.742911
0.109134
0.084756
-0.082244
-0.102789
-0.024311
-0.599475
-0.011429
-0.108819
30
0.266777
-0.733956
0.109594
0.048176
0.011244
0.067453
0.246809
0.463188
-0.301830
-0.871916
0.044565
-0.146796
-2.349985
1.513402
1.634781
0.833464
-0.434474
-0.281407
-1.943543
2.906256
0.858789
1.537300
0.025053
-0.131373
0.208649
0.029117
0.196188
0.401842
0.153071
0.000177
30
0.318699
0.141475
-0.270054
0.078623
-0.068829
0.043473
0.154173
-0.188107
0.027329
-0.249566
0.023917
0.020110
-0.341957
2.290094
-0.722205
0.667377
0.034475
-0.133224
-2.062167
0.938284
0.893305
-0.098706
-0.403414
-0.094105
0.005546
0.150213
0.493075
0.595776
-0.005668
0.030448
30
0.523748
-0.202640
0.054421
0.114649
0.083511
-0.011745
-0.003010
0.241624
-0.061260
0.048858
-0.021959
0.000529
1.480135
-0.519599
0.318177
0.873069
-0.016301
0.079262
1.815530
-0.564544
0.440124
0.635226
0.077670
0.032316
0.062698
0.003392
1.159196
-0.293083
-0.083577
-0.085103
30
-0.641132
2.039456
-0.640065
-0.024958
-0.145433
-0.136836
-0.320557
-0.034972
-0.057456
-0.059500
0.270156
0.042881
-0.253440
0.368829
0.486192
0.542524
0.310130
0.045854
2.897698
1.918328
0.299032
1.073730
-0.195606
0.042102
-0.251416
0.025022
0.058190
0.829697
-0.044832
0.011159
30
-0.182931
-0.011875
0.135094
-0.179590
0.022580
0.021542
0.030932
-0.026990
0.039707
0.057505
-0.063517
-0.039148
0.129910
0.134726
0.438438
-0.274948
0.104178
-0.044453
0.067366
0.553624
-0.215008
-0.399867
0.288646
0.111980
-0.576240
0.107346
-0.913274
0.019954
-0.000930
-0.029211
30
-1.680276
0.162092
-0.603789
-1.242006
-0.207095
-0.139490
0.502325
-0.052173
0.162441
0.328964
-0.250019
-0.014814
-1.075203
-0.931930
-0.168545
-0.765809
0.002974
0.063431
-0.973769
1.525735
0.195006
0.728632
-0.186840
-0.397278
-0.344610
-0.072412
-1.249051
0.163101
-0.089808
0.070628
30
0.256053
-0.020846
0.223814
0.399968
0.089590
-0.059980
-0.066105
-0.191712
-0.343390
0.440941
-0.162941
0.040529
-0.840278
0.978727
-0.109911
0.392993
-0.162570
-0.350861
1.958082
1.994001
0.413358
-0.764293
0.281004
0.126654
-0.190137
-0.049692
-0.080822
-0.105029
0.004073
-0.040341
30
-2.361256
0.818488
0.830023
-0.456355
0.059602
-0.223464
-1.484034
-0.123207
-0.434037
0.197229
0.080674
0.071252
0.073174
-1.245063
-0.132617
-0.320105
0.012991
0.196438
0.529929
0.303343
0.159376
-0.221127
-0.084820
0.021323
0.028085
-0.036877
-0.192340
-0.111686
0.029402
0.016733
30
-0.075488
-0.238373
-0.193145
-0.034945
-0.043516
-0.091215
-0.058126
0.324332
0.199063
0.197935
-0.132147
0.082571
0.151946
-1.499833
-0.683396
-0.358363
-0.150819
0.316162
-0.618112
-0.179973
0.534277
0.557919
-0.390907
-0.097504
0.488157
-0.140224
0.727985
-0.315337
-0.005816
0.052009
30
0.844418
-0.863397
0.962671
0.542654
0.259917
0.102825
-0.115799
-0.078192
-0.019519
0.102490
-0.022614
-0.030990
2.488267
-0.118305
1.743759
0.178542
0.609331
0.101087
0.229512
0.114064
0.154929
-0.890273
0.010437
0.298092
0.438288
0.048462
0.397687
0.734291
0.018849
0.128143
30
-0.596743
0.163127
0.275031
0.092880
0.008114
-0.012244
-0.220378
-0.175634
0.004602
0.091351
0.000381
0.027036
-1.173128
0.797575
0.040321
-0.632341
-0.038074
-0.218702
-1.871216
0.883885
-0.341801
-0.779567
-0.176360
-0.183107
-0.203503
0.050157
-1.032815
0.360701
-0.084405
0.183380
30
0.326557
0.190539
-0.078332
0.246669
-0.035644
0.080544
-0.045822
0.056998
0.118271
0.145139
0.044855
0.077128
0.793489
-0.462837
-1.299170
-0.186077
-0.297204
-0.178322
1.513427
0.779208
0.438698
-0.785626
0.306877
0.033930
-0.153972
0.048124
-0.126651
0.956755
0.110655
-0.016664
30
-0.043881
0.988358
-0.242980
0.075754
-0.030838
-0.134763
0.042158
-0.190630
-0.548636
0.397342
0.031386
-0.033265
0.166552
0.163259
0.209769
0.505548
0.114781
-0.058852
-0.684601
0.776534
-0.756306
0.872025
-0.047919
-0.296741
-0.078629
-0.109958
-0.205185
-0.285621
-0.129600
-0.065825
30
-1.212861
0.163432
-0.115449
-0.684650
-0.053866
-0.055080
0.004361
0.014263
-0.305495
0.324748
-0.136025
-0.167340
0.288207
0.614469
-0.206685
-0.259374
0.187340
0.103188
1.253383
0.259609
0.318391
-0.429316
0.371654
0.081254
1.976772
-3.633599
1.440741
2.433699
-0.053178
-0.752020
24
2.121224
-1.969166
-1.064495
7.914431
-5.480461
-1.247100
-1.950048
-1.073599
-0.264897
-0.513009
-7.841556
1.276026
-2.138743
2.560050
-1.110380
-1.804611
0.590623
2.245622
0.771382
0.946616
1.730610
-0.315294
3.157744
-0.890585
1
24
-2.989866
-4.428435
4.254771
6.554147
7.104198
-3.930236
4.866301
-5.968261
-7.421539
-5.264629
-8.079156
4.540479
5.646161
3.565240
8.437712
-2.969454
4.842076
-3.025733
4.338940
-2.913747
4.567048
-4.153437
-6.929915
1.332949
1
1.162685
