1
24
12
-1.912755
-0.354487
0.364528
-0.486809
1.571091
0.977921
-0.364349
-0.964783
-1.298441
-1.346640
0.575031
0.180420
12
-0.855070
-1.280341
1.946409
-3.184303
-0.390686
0.003536
-0.058503
0.502629
1.004977
-0.578480
0.124698
0.029575
12
-0.027333
-0.816438
0.245452
0.334660
-0.029753
0.234234
-1.780881
-1.805459
-0.115839
-1.308407
0.348320
0.398498
12
0.983230
-2.921188
2.016130
1.700023
-0.821071
-0.736590
-0.450336
-0.250744
-0.464299
0.536768
-0.041324
0.007914
12
-0.838782
-1.012083
-0.194346
0.381522
0.295565
-0.523315
-0.717760
1.801852
0.295992
1.908940
0.375262
-0.508507
12
1.245111
-1.766230
-0.865363
-1.110394
0.049796
0.512988
0.258010
0.083655
-1.833163
0.984477
-0.655815
0.288756
12
-2.829486
-0.559281
-0.137324
-1.214309
0.196459
-1.159118
-0.175079
0.931224
-0.043710
1.090007
-0.039753
-0.118220
12
2.549048
0.133469
0.437410
3.489165
-0.071848
-0.483122
-0.118573
0.215139
0.473750
0.333634
-0.140617
0.078635
12
0.130965
0.635258
2.173162
-0.340760
0.690763
-0.782570
1.234674
0.650989
-1.453876
0.609046
0.699554
0.548707
12
-2.666345
-1.099004
-1.537953
-0.160635
-0.237647
2.693611
-0.349341
-0.513804
-1.083579
-0.025395
-0.058655
-1.421413
12
1.760637
1.378753
0.719121
0.701874
-1.073948
1.412122
-0.776624
0.994273
1.665210
0.391142
-1.644851
-0.424330
12
1.198739
0.431337
-0.795737
0.836072
-0.286081
-1.276856
-1.534374
0.670244
0.571080
0.673469
0.360367
-0.463867
12
-1.299320
2.062396
-1.272531
-1.361428
-0.493349
-0.299449
0.761857
-0.712687
1.271000
1.588909
-0.158341
0.103861
12
0.482186
-0.520724
-2.052786
-0.209377
-1.919914
1.190488
0.166537
0.271063
0.757465
1.084256
2.156463
-0.480664
12
-1.852394
-0.905515
0.769031
-0.882730
1.160147
-0.745210
0.828467
1.764346
-0.799666
0.188406
-0.060053
1.240961
12
-2.011614
-0.221263
-0.217873
1.249488
-0.406517
-0.248950
-0.296529
1.568714
0.288072
0.422672
-0.703467
-1.248938
12
-0.184741
1.046738
-0.414935
1.194116
1.385432
0.259778
0.397795
0.099286
-0.246238
0.976003
-0.108789
0.041993
12
-0.803100
-3.143995
-1.022688
1.246641
-0.418797
-1.640302
-0.185540
-0.405983
-1.083749
0.782265
0.136590
0.134113
12
1.167860
3.067391
1.632441
-3.172837
0.585788
0.752906
0.232131
0.047832
0.356557
-0.426849
0.062594
0.089015
12
-2.509425
0.467382
-0.362138
-0.188190
-0.382796
-0.505855
-0.586567
1.710389
-1.074656
-1.708551
-0.591883
-0.074144
12
-1.773134
-0.716882
0.217187
0.872349
0.420105
0.337455
-0.899195
0.359555
1.308577
0.544034
-0.576966
0.745398
12
1.969903
-2.153213
-0.058070
1.587538
0.757415
-0.794562
0.127818
-0.481667
0.204425
0.255385
0.149698
-0.042810
12
1.408379
-0.606361
0.905350
-1.322186
0.481842
1.093822
1.183162
-0.864981
-0.734048
-0.529650
0.003100
0.744314
12
-2.334821
-0.258353
-0.513785
1.151988
-0.630587
-0.211336
-0.626909
-0.830614
-1.811223
0.884125
0.410139
0.573372
24
-0.851790
-1.129437
-1.480868
-2.518993
-1.813343
1.053251
0.241415
-0.379020
-0.920884
-0.056573
-0.422571
-0.665296
-2.011738
0.568937
0.221904
-0.349477
-0.223515
-0.095070
-1.590669
1.516395
0.455813
-1.960456
-0.067899
-0.155875
1
24
1.082991
-2.494980
-2.390224
2.779434
-2.548247
-1.231387
2.622214
2.658809
-0.861286
0.516335
0.276051
1.394217
2.630009
0.367443
0.797570
1.358319
-2.935077
-2.336344
3.924542
-1.195746
1.365262
2.973830
1.676036
-0.386135
1
0.422390
