1
24
24
-0.679638
-0.177297
-0.330579
-1.082219
-0.305198
0.049983
-0.697825
-0.697075
-0.209666
-0.564682
-0.131569
-0.076300
-0.662413
1.069872
0.731903
0.017897
0.067916
-0.059522
0.165164
-0.067713
0.587463
-0.124350
-0.102066
-0.045061
24
2.061820
0.951373
0.220180
1.361232
0.226369
0.282838
-0.001996
-0.005305
1.035932
-0.277164
-0.148873
-0.209367
2.400488
3.064857
-0.851834
0.342148
0.134574
-0.043330
-0.285017
-0.220020
-0.445547
-0.382414
-0.060423
-0.104663
24
-0.304135
0.290317
0.170640
0.398673
0.195332
0.070338
0.321196
0.489992
0.819649
0.262346
-0.023343
0.000789
-0.225186
5.085617
-0.380423
-0.963105
0.267911
0.226362
0.005325
-0.352920
0.424876
-0.701237
-0.021176
-0.022021
24
-0.911646
-4.751557
1.700382
-1.167589
0.124613
-0.014166
-0.157618
-0.206708
-0.465807
-0.831116
-0.067830
0.005408
0.742532
0.329772
-0.206830
0.167844
-0.338838
-0.016385
0.043548
-0.100724
0.497507
-0.000769
-0.050784
-0.037360
24
-1.025867
-1.644995
0.231315
-2.003808
-0.157794
0.096673
0.431961
-0.028320
0.163289
-0.998683
-0.284895
-0.150686
2.148808
-1.150454
0.718739
1.081546
0.019349
-0.833613
0.211660
0.219692
-0.839982
0.680682
0.065011
-0.065357
24
0.030655
-0.916524
0.503553
-0.728993
0.155551
0.229923
0.681152
-2.139951
-0.426111
1.082806
-0.177991
-0.444010
-1.271825
-1.702569
0.830072
-0.844517
-0.138262
0.033889
-0.100818
0.348715
0.404891
1.037376
0.146739
-0.268269
24
2.170558
2.019334
-0.669469
0.925160
-0.005601
0.013498
0.163392
0.162614
-0.632133
-0.441858
-0.078899
-0.014183
-0.107218
-0.828118
-1.474258
1.035044
-0.059139
-0.530070
-0.143579
-0.006092
-0.873874
0.068079
-0.063070
-0.035258
24
1.357648
0.572629
-0.200464
0.884690
0.065954
0.054886
0.160742
0.068890
0.014080
-0.582979
0.003766
-0.150329
-1.557815
-3.144454
0.327565
-1.558331
-0.255247
-0.137444
-0.179443
-0.027668
-0.801809
-0.094685
0.015415
-0.055189
24
-0.611622
-0.032093
0.936114
-0.082003
0.356492
-0.087764
-0.536710
-0.688551
-0.225153
0.287222
0.207764
-0.108429
-0.784866
-0.843308
0.175928
0.020780
0.062472
0.318279
-0.702583
-0.058678
-0.010773
0.310126
0.001573
0.014746
24
0.475045
0.379242
0.169661
0.289513
0.017710
-0.021428
0.497708
-0.325357
0.159064
0.460160
-0.162674
0.025389
2.083555
0.442921
-2.126864
0.141833
0.166445
0.177792
0.121980
0.230289
0.660181
-0.198332
-0.260090
-0.274750
24
0.338670
-0.031942
0.048262
-0.049092
0.081606
0.021712
0.190466
-0.223231
-0.022580
-0.322166
0.070694
0.344416
2.352558
-1.470457
1.486941
0.011521
0.252918
-0.465886
-1.228661
-0.077557
-1.584707
0.222189
0.089370
0.191276
24
1.330570
-1.572198
1.698809
0.965656
0.504278
0.115658
0.270221
0.038429
-0.466747
-0.203504
-0.369685
0.119986
-0.710341
-0.382039
0.303183
0.306829
0.231211
0.029303
0.245870
0.059362
-0.415936
0.317493
0.025367
-0.018838
24
0.866349
-0.623287
-1.306659
-0.399019
-0.481778
0.003214
-0.973385
0.895142
0.364555
0.257418
0.005780
-0.029481
1.904796
-0.417489
-1.783250
-0.057525
-0.270820
0.233763
0.033600
-0.059889
-0.422454
-0.467233
-0.056698
0.144845
24
-0.367358
-0.813078
0.530179
-0.273938
0.184595
-0.065703
0.451801
-0.290725
-0.092944
0.832183
0.036257
0.068757
0.175972
-0.341867
-0.379673
0.719025
0.038764
0.141738
-0.242286
-0.343884
1.152272
-0.209370
0.060329
-0.112858
24
-0.365248
0.059558
-0.028764
-0.266628
-0.028624
-0.110636
-0.249048
-0.145556
-0.579293
0.041399
-0.027909
-0.018060
0.929575
0.220503
0.344259
-0.307190
0.247961
0.436876
-2.416360
-0.079071
2.586679
-0.109928
0.381907
0.047012
24
-2.617628
-1.461534
-0.152552
-1.022460
-0.312942
0.107394
0.980803
0.821449
-0.161604
-0.587406
-0.335389
0.074666
-0.527632
1.481416
-0.158732
-0.230809
-1.218238
-0.066556
-0.446970
-0.593850
0.887322
-1.101243
0.107863
0.059230
24
0.841502
0.716394
-0.303588
-0.346910
0.462040
-0.279020
-1.865062
-0.008470
1.039932
-1.724029
0.344211
0.462614
-1.404642
-0.513449
0.000795
-1.230677
-0.219051
-0.238216
0.603527
3.408354
-0.744058
0.743558
0.272630
-0.184747
24
0.621268
-0.342867
-0.720879
0.137111
-0.347799
0.129402
0.315399
-0.774879
0.290159
-0.420222
-0.048140
-0.043036
2.351198
0.210107
-0.520205
-1.791830
0.548047
-0.441212
0.132063
0.139207
0.376273
0.208643
0.100903
0.099895
24
-0.473745
-1.773907
1.766940
0.760938
0.395278
0.050506
0.328260
-0.522642
0.042936
0.184761
0.116937
0.001227
0.682703
1.344028
-0.095932
0.935529
-0.063093
-0.340905
-0.058314
0.035446
-0.834403
0.249721
-0.064099
-0.021316
24
0.032707
-0.299692
-0.271033
0.055058
-0.001171
0.052237
-0.521326
0.386719
0.297890
0.132469
-0.060613
-0.017572
2.983136
0.539190
-0.922254
-0.777228
0.196165
0.260643
-0.104928
0.187347
0.819274
0.256885
-0.084225
0.067872
24
0.759941
1.042952
0.612885
0.130285
0.038558
0.154794
-1.890780
1.114903
-0.716053
-0.960474
0.043535
-0.155465
0.128000
1.888456
-0.701825
1.182595
0.138749
-0.190758
0.175646
0.188570
-0.098930
-0.366305
0.103182
-0.170685
24
-0.094963
-0.605965
-0.111426
0.176584
-0.032631
-0.083183
0.403330
0.676904
0.569542
-0.270807
-0.138536
0.069730
1.139611
-2.172306
-0.072788
-1.659528
-0.012899
0.066854
-0.170209
-0.067291
0.072725
-0.295819
-0.014613
-0.012366
24
1.022878
0.063391
0.336176
-0.032277
0.052666
0.069593
0.602728
-0.717850
0.379052
-0.188549
0.012600
0.015413
-1.526226
-0.009981
0.123196
1.239872
0.073699
-0.053518
-0.033922
-0.139701
-0.781105
-0.041357
0.027852
-0.110493
24
0.770184
-0.815059
0.116780
0.265160
-0.012650
0.134059
-0.160153
-2.571719
0.215519
0.048465
-0.250474
-0.079926
0.916633
-3.802992
-0.013610
-0.195323
0.405084
-0.307052
-0.347407
0.315606
0.407010
-0.061579
0.256883
-0.073804
24
-0.235197
-4.027963
-2.142475
-4.788507
-1.589148
-0.383961
-0.479463
-2.111842
0.586131
1.798289
1.996783
-0.806229
-1.913441
-1.289080
2.415724
-3.550274
3.767106
-1.116601
2.276616
-2.424575
0.847761
0.760050
0.626304
0.526293
1
24
-4.828806
-7.101070
4.138790
9.362824
-1.752461
2.294262
4.171751
-6.367516
-4.593985
-3.404773
-2.541285
-5.447910
-3.911245
-4.339429
2.678086
-2.253584
-1.029657
-4.223950
5.624977
7.360490
2.663756
7.731777
5.175511
3.184313
1
-1.061433
