1
24
12
-0.416450
-3.790613
0.931419
-1.620024
0.577081
0.346088
-0.299964
2.770221
-0.838310
-0.721486
-0.268498
0.030519
12
-0.878992
-0.111820
-0.349776
0.466383
-0.241331
-0.407542
1.687346
-2.391943
-1.404012
-1.232923
-0.201905
0.725013
12
1.129747
0.640577
-1.109757
-0.029126
-1.489997
1.321181
0.300700
-2.137795
0.313041
0.159500
0.415819
-0.757673
12
-0.071220
1.065417
0.095897
1.628602
0.833432
-1.024816
-1.825610
0.512692
-1.160723
1.846323
-0.115211
0.226902
12
0.273530
-1.271764
-0.153026
-1.234896
0.146726
-1.569745
1.200226
-0.394972
0.297454
0.647443
-0.180488
-0.499832
12
-1.176824
-1.265572
-0.592419
1.211213
-0.063817
-0.214973
-0.604187
-2.277787
0.064834
1.088022
-0.302937
-0.977686
12
-1.362025
1.036911
0.685173
-2.034922
1.948650
0.413535
-1.030493
1.033826
-0.943225
-1.243405
-0.195595
0.284366
12
2.580678
-0.683310
-2.115813
-0.532085
-0.026514
-0.956714
1.163477
-0.053969
-0.043116
0.085862
-0.524675
-0.358600
12
-0.058845
-0.150777
-0.516896
0.070467
0.147541
0.416068
0.702991
2.001563
-1.438185
1.914399
0.025006
0.008480
12
1.817213
1.905483
-0.249250
1.846594
0.175749
-0.710005
0.058627
0.331547
0.342697
-0.017169
-0.464643
0.336771
12
-0.715403
0.572812
-0.372441
0.049275
0.032499
1.776129
-0.532774
-0.276880
1.670378
0.764786
-0.494369
1.340783
12
0.850465
-2.009424
-0.405723
-0.754491
0.122644
0.123191
1.879818
0.139210
0.540756
-2.071466
-0.539271
-0.755947
12
-0.077457
-1.024707
1.252892
-1.645325
1.090138
0.014003
-0.217729
1.234198
-0.054382
-0.758347
-0.735444
1.443776
12
0.616024
1.916744
1.552631
-0.603061
0.492377
0.699338
1.340521
0.671046
1.840338
0.438023
-0.019698
-0.321486
12
2.352727
0.960616
0.926550
-0.305223
-0.605751
-0.913274
0.891271
0.590576
-0.244013
1.190573
0.184349
-0.296165
12
-3.130110
-0.401080
2.074607
0.355407
0.211436
-0.219037
1.394848
0.126505
0.760856
1.472522
-0.264167
-0.137139
12
-2.142273
-1.358749
-0.948138
0.590518
-0.100092
1.025386
-1.021258
-0.610324
0.002845
0.300964
-1.328164
0.909943
12
-0.650639
-2.171416
-0.434806
1.369466
-0.147720
-1.258806
1.759705
-0.215237
1.920275
-0.786410
0.795240
-0.074414
12
2.672928
0.990687
-0.485053
0.762284
-0.728194
-0.472868
-1.558642
1.771859
-0.569150
0.700333
0.233612
-0.530268
12
-1.519904
-0.727466
0.115082
0.223990
-0.069054
0.019253
-2.054145
1.957600
1.492023
0.268171
-1.493596
-0.835827
12
-0.983001
0.337287
-1.027286
1.070073
-0.535318
-0.080498
-1.453942
2.101235
1.512987
0.749314
-0.463694
-0.225121
12
-2.170799
-0.332298
-2.632103
1.010896
-0.708954
0.164459
1.011560
-1.688559
0.636582
0.269859
-0.324594
0.041036
12
-0.458007
2.315971
-0.455088
-0.021382
0.567826
-0.015816
0.791335
1.820007
0.791197
0.837878
0.132783
-0.546648
12
0.502307
0.905356
-0.309824
0.858835
0.014726
0.093090
-1.381655
0.096767
2.918628
0.655067
0.631625
0.348986
24
-1.066350
1.730387
0.107708
-1.448706
-0.159040
0.981821
-0.889498
0.188847
1.283993
0.905951
0.646007
-0.195535
0.276188
-1.182462
0.343497
2.722381
-0.592505
-0.327177
0.491242
-0.264853
-0.601913
-0.533313
-1.302759
1.269113
1
24
-3.663515
4.053466
-0.997303
-1.988180
2.260842
-2.824889
1.106968
-2.022195
3.297253
2.522559
-0.858812
1.534454
-0.659230
3.154537
-1.997559
4.682848
-0.781657
-1.706818
4.232575
1.535365
-2.367446
2.973243
-3.709316
2.172137
1
-1.617194
