1
24
24
-0.610405
1.035690
0.627130
0.404351
0.041461
-0.084853
-0.672624
0.246022
-0.497150
0.225147
-0.128314
-0.238441
-0.012189
2.002377
-1.159678
-0.600489
0.052296
0.149841
1.109402
0.408162
-0.018747
0.371721
-0.301580
0.184510
24
-0.200223
0.279883
1.274786
-0.909108
0.280693
-0.013194
-0.291779
0.712591
-0.365349
0.315164
-0.035674
0.041735
3.039126
2.284405
0.517401
-0.021900
0.488789
0.672948
2.251752
0.355419
0.852273
0.601025
0.291708
0.365861
24
0.527337
-0.228324
-0.185365
-0.116179
-0.264515
0.300730
0.562913
-0.092740
0.469382
-0.328263
-0.112242
0.194471
1.273487
1.456138
1.306309
-0.345612
0.357126
-0.073215
-0.375980
-0.231966
-0.925628
0.235735
-0.159414
0.074091
24
-1.896484
-1.445849
0.746237
-0.640120
-0.054145
-0.300770
0.789369
-2.686665
-0.403444
0.009724
-0.128684
0.055228
1.536691
-0.660018
0.170783
-1.460809
-0.293145
-0.214241
-0.060174
-0.617985
1.633173
0.286799
0.274070
-0.124818
24
1.053511
-1.829673
0.975315
0.828124
0.123338
0.183226
0.036717
0.117118
0.806919
0.264223
-0.049342
0.200430
-1.893958
0.839364
-1.777123
-0.141590
-0.118287
-0.137295
0.702158
-1.686076
1.129565
0.355415
-0.232952
-0.387793
24
-0.070732
0.262537
-0.085696
0.011378
-0.034174
-0.060061
-0.897454
-0.002122
0.368076
0.276903
0.106942
-0.046553
-1.432440
-1.527945
-0.470079
-0.881239
-0.050365
-0.543456
0.805818
0.447100
-0.532251
0.125863
-0.000942
0.366269
24
3.166456
0.938009
-0.434221
0.841672
0.003815
0.283877
-0.549076
0.396378
-0.478362
-0.197112
0.048421
-0.064631
0.801696
-1.014930
-0.047742
-0.307532
0.009333
0.312931
-0.016378
-0.046260
-0.168256
-0.286554
-0.050553
0.087513
24
0.249424
2.988600
-0.607740
1.185346
-0.191652
-0.077358
1.684975
-0.490452
0.950585
2.426291
-0.789147
0.031319
-1.267788
-0.494895
-0.423547
0.635733
-0.001791
-0.140100
-0.264150
0.869393
-0.847571
-0.005259
0.357198
0.209332
24
-0.667371
-0.396055
-0.342226
-0.859227
-0.457306
-0.018101
0.660962
0.431410
1.286648
-0.366774
-0.085076
0.372442
1.076346
-2.235982
-0.582761
0.433784
0.309353
0.099424
-1.183166
2.028718
-0.597989
-2.346897
-0.254525
0.465306
24
-3.456728
-0.490352
1.187163
-0.299128
0.409523
-0.231438
-0.273960
-0.956884
2.837282
1.254055
0.260592
0.871430
-0.291526
0.053418
0.174751
-0.400832
-0.030633
-0.028525
0.031756
-0.109554
0.069541
0.047762
0.052013
-0.178011
24
2.055598
0.577779
-0.231044
1.175962
-0.240462
0.304571
-0.425906
1.908067
-0.489882
-1.504580
0.306050
0.123268
-0.385305
1.781063
-1.512645
-2.033181
-0.249679
0.563757
-1.177314
-0.665028
0.668227
-0.301428
0.320852
0.068983
24
-0.244244
1.347948
0.691889
0.002501
0.338242
-0.017269
-0.264940
-0.265372
0.436613
1.854235
-0.257136
0.137335
-1.359158
2.459328
1.851573
2.301375
-0.172661
1.004928
0.228911
0.837913
-0.688401
1.039552
0.235064
0.036186
24
0.602135
-0.476579
0.035049
-0.017905
-0.272856
0.402578
-0.098128
-0.905575
0.306721
-0.095845
0.207605
0.194140
0.890469
2.164599
2.942805
0.569532
0.508651
0.229781
1.872067
2.468128
0.075211
0.629360
0.623066
0.314783
24
-0.743624
0.140586
0.132324
-0.148974
-0.082779
-0.032323
-0.150487
-0.135327
-0.954121
0.662814
0.046313
-0.176177
-3.941985
1.620959
-1.115562
0.519305
-0.581096
0.070927
-2.382273
-0.015870
0.185081
-1.536100
0.283826
-0.109279
24
-0.630935
-0.404611
-0.117114
-0.250130
-0.100303
-0.082449
-0.130652
-0.192782
1.291016
0.446104
-0.118835
0.173025
0.037217
-0.053606
0.659856
-1.177376
0.058305
0.167444
0.341048
-0.308382
0.220325
0.213871
-0.198967
0.175404
24
-0.063210
-0.127616
-0.495652
-0.003868
-0.251844
0.012291
0.631482
0.247669
-1.063175
-1.368596
0.142323
0.010650
-0.871211
0.642161
-0.874579
1.119233
-0.741127
-0.483897
2.416447
-0.281253
1.214103
-0.639829
-0.000297
0.316829
24
-0.826957
1.232789
-0.595094
-0.587256
0.027237
-0.220519
-0.011525
0.060135
-0.997162
-0.976842
0.285635
-0.059848
-4.365057
-1.813708
0.385703
0.014858
-0.761631
-0.074080
0.573445
2.375257
0.746806
0.017496
0.402367
0.471677
24
-1.585417
0.769103
-1.043449
-1.315097
-0.351049
0.234930
0.122351
-0.289468
0.897298
0.830601
-0.294917
0.213971
-1.421177
2.002741
0.564381
-0.789581
-0.657876
0.115488
0.132510
1.285653
-1.830642
1.455279
0.204663
0.255300
24
0.236953
-0.840031
0.136395
0.180971
0.024047
0.071753
0.276578
-0.023916
0.255224
-0.546677
0.013812
0.089878
1.486904
-0.027059
1.087306
-0.051821
0.325260
0.127671
2.333488
0.133730
1.705819
-0.635401
0.244154
-0.156399
24
-0.211423
0.229862
0.041945
0.625211
0.154998
-0.098841
-0.144887
0.392417
0.511223
0.617349
-0.146018
0.183141
0.571098
-1.017537
-0.825619
-0.490699
0.590085
0.592092
2.162110
-0.562257
-0.560436
-0.940321
-0.484777
-0.549961
24
0.343612
-0.636640
0.107035
0.138151
0.047489
0.051082
0.374489
0.020836
0.330200
-0.208550
-0.012379
-0.000776
2.001697
0.718036
-0.151573
-0.392807
0.038313
-0.235192
0.882114
-0.593210
-0.721276
1.533936
0.148017
0.030581
24
0.315354
-0.299626
0.053172
-0.152323
-0.091836
0.185464
0.068336
0.196777
0.559356
-0.401540
0.002669
0.153253
-1.886748
2.232692
1.030447
1.620172
0.065476
-0.369605
-0.565714
-0.268190
0.282321
0.349076
-0.034289
-0.041690
24
-1.549675
-0.636243
0.340582
-0.805520
0.086753
-0.208902
0.246038
-0.990563
0.028706
0.770364
-0.125220
-0.080248
0.342238
0.284812
-0.218000
-0.666602
0.024964
0.227584
-0.702027
-0.836037
1.494422
-0.284474
0.095650
-0.035753
24
-0.316818
-0.382372
-0.760537
0.206771
-0.172248
-0.174243
-0.474098
-0.034770
0.209238
0.696279
-0.100909
0.230252
-0.849439
-3.159349
-0.763569
-0.965886
-0.397203
-0.430984
1.723919
3.983794
-0.158727
-0.817216
0.723075
0.533167
24
2.258431
-1.170141
-1.452327
-1.461597
-2.017204
1.442843
-0.613682
4.181106
-0.827985
1.392722
3.221104
9.774734
0.329378
0.321790
-1.810325
-3.379892
3.495350
-2.779413
0.776911
-2.559854
0.280852
-4.089640
-1.070548
-3.028593
1
24
-3.737523
2.390121
4.410111
1.808684
4.130385
-3.772722
-6.414100
-2.228184
-1.995893
-2.470378
3.500894
7.676858
1.769881
-2.575222
6.816206
2.891548
2.796373
-2.523067
-7.256414
2.716738
-4.560473
-10.237717
-5.553097
2.026273
1
7.686125
