1
24
12
-0.286833
-0.454110
-1.081874
0.024603
0.639017
0.213446
-1.156458
-0.600610
-0.162907
-0.954465
1.780365
-0.052206
12
1.031482
2.612074
1.588164
-0.440356
0.289880
0.711944
-1.876926
2.068553
0.328160
1.116892
0.319381
0.060238
12
1.878503
-0.800470
-1.826674
0.214048
-0.230377
-0.865022
-0.297583
0.447158
0.114230
-1.962184
0.213157
1.394176
12
-1.492198
-0.357352
0.252671
0.656789
0.165411
0.002079
1.149894
3.597190
0.539354
1.665267
-0.392866
-0.494788
12
-0.021518
-0.580251
-0.806442
0.623958
0.258261
-1.089391
-0.375573
0.935249
-1.340108
-2.581095
0.217473
0.476306
12
-1.757432
-1.695418
0.971372
1.975855
-0.108683
-0.464541
-0.348596
1.239771
0.558068
0.344077
0.856303
0.181011
12
0.319567
-0.635953
0.110097
1.078557
-1.116706
0.882884
-0.420043
-1.508977
0.293922
1.845958
-0.250794
0.230893
12
-1.007965
1.636407
-0.807885
0.446536
1.431712
0.641917
-2.257519
-0.245801
1.041116
-1.139524
-0.631884
-0.699311
12
1.639897
-3.296570
-1.064557
-1.905892
-0.682608
0.266492
-1.396594
0.192545
0.222244
0.094309
-0.212848
0.388358
12
2.309407
-1.101067
-0.579188
-0.139051
-1.402718
0.978268
0.606488
-1.343130
0.781193
0.762494
-0.422805
0.053461
12
-0.321078
-1.032140
0.570972
1.353400
-0.856652
-0.316368
0.143772
-0.513593
-0.262880
-0.007350
-0.543332
-1.804767
12
-1.269289
-0.101125
-0.804644
0.750125
-0.056418
0.637196
-1.075205
-2.314899
-1.907282
-0.864151
-0.074419
0.630075
12
-0.356660
0.156180
-0.148875
0.056794
-0.269392
0.534630
-0.651810
2.035172
-0.743352
1.639292
0.162335
-0.120708
12
0.786728
2.424033
2.281251
-0.843597
0.203296
0.669801
0.584892
1.756307
0.558847
0.261318
-0.785183
0.450449
12
1.974883
1.547485
-0.355320
-0.433982
1.541821
-0.928142
0.078191
-2.544424
0.793699
1.473738
-0.239769
-0.549205
12
0.052026
-1.424214
1.987217
2.131875
-0.642685
-1.707566
2.327277
1.010079
-0.203025
2.796055
-0.592942
-1.061606
12
1.877721
-1.005519
0.537815
1.442944
0.570181
-0.708790
2.141869
-0.951212
-0.726234
-1.688413
-0.064164
1.088589
12
1.164926
2.000256
0.906442
-0.053813
-0.674508
1.585421
0.634882
1.935771
-0.535382
-0.309349
1.533789
0.033816
12
0.056768
-2.680297
-0.726904
-0.427795
0.493659
1.401476
-0.452380
-1.234712
0.232365
0.763808
-0.190332
0.166800
12
2.241311
0.641406
-0.425744
0.033241
-1.116083
-0.835161
-1.367673
0.566254
-0.559509
-0.298510
-0.078681
-0.439509
12
0.418085
1.833514
1.522659
-0.311759
-1.228994
0.220381
1.501433
-2.997679
1.020994
0.081513
0.365009
0.105161
12
-2.730931
-1.599311
1.319721
-0.395769
0.268536
-0.164652
-0.393947
0.516243
2.137643
0.352065
0.163163
-0.767563
12
-0.001977
0.997236
1.036790
-1.259895
0.067553
0.535388
1.121887
-2.913583
-1.219683
-1.818586
0.746232
0.032981
12
0.149484
1.839390
-1.829572
0.834925
-0.938988
-1.497934
-0.450593
1.973300
-2.473265
-0.400026
0.435378
0.105139
24
0.124395
-0.276312
-0.890298
1.642136
0.768100
0.924334
0.361345
1.008058
2.510828
-1.248565
1.060382
0.482210
-1.120951
-0.352128
-0.920664
0.926343
1.040075
0.469790
-1.500003
0.522490
-0.403373
-0.439604
1.101011
-0.230476
1
24
0.478375
-2.931984
-1.516140
4.680711
-2.119495
-1.952768
1.599659
1.520333
4.923892
-2.059522
-0.809611
1.321097
-2.990007
1.941726
1.924899
0.888790
1.828494
1.195310
-3.326413
1.591331
1.494408
-2.564631
2.292234
0.899996
1
-1.405703
