1
24
24
-0.882857
-3.928363
1.181470
-0.700214
0.130427
-0.095624
-0.003201
0.215807
0.195775
-0.124948
0.081964
0.000883
2.218411
1.113043
-0.165134
-1.171646
0.121392
-0.523332
-1.380799
-0.430268
0.818786
1.142330
-0.039253
0.148560
24
0.602308
1.781132
-0.178207
0.392864
0.135907
0.230969
0.845350
0.169917
-0.254477
1.654319
-0.209884
0.186625
0.943378
-0.947490
-1.441583
0.444659
0.524375
0.294934
-0.819292
0.340218
0.588585
0.646849
-0.772049
0.510948
24
0.571683
0.382184
-0.063528
-0.163823
-0.047857
0.078345
0.684664
-0.248717
-0.467070
0.028267
0.021458
-0.220234
0.572965
-1.856404
0.158415
0.173560
-0.030180
0.105634
0.682777
0.979312
-0.097401
0.147930
0.152427
0.421659
24
-1.891840
-2.183580
0.365134
-1.125475
0.003856
-0.405387
0.206648
-0.909933
-0.067405
-0.905404
0.342011
-0.147866
1.041075
0.204523
-0.918322
-0.760953
-0.452766
0.048369
0.524927
-1.554365
0.026338
0.071412
-0.615091
-0.290611
24
-1.584364
0.012636
0.459086
0.256585
-0.045572
-0.227604
-0.286758
-0.984432
-0.226132
0.807974
-0.264257
-0.160760
0.734216
-1.887043
-0.657758
-0.458735
-0.132477
0.125034
0.098794
-0.940363
0.544532
0.136245
-0.375476
-0.239038
24
1.246486
2.747865
-0.812937
-0.160322
-0.053930
0.257751
-0.888302
1.283502
-0.332228
-0.540249
-0.125152
0.013187
1.006396
-0.678475
-0.703826
0.050300
-0.052631
0.202447
0.158031
0.139503
0.070628
-0.440971
-0.124638
0.015992
24
0.298246
0.630912
-0.313250
-0.145401
-0.001098
-0.043299
0.226531
0.149636
-0.181111
-0.199588
0.022009
-0.081579
-0.374331
0.599696
-0.700246
0.457605
-0.310618
0.198212
-2.414809
4.626816
-1.998176
-1.646244
-0.045915
0.450999
24
0.459091
1.577051
-0.349863
0.000461
0.018270
-0.045628
-0.094485
0.274563
-0.467839
-0.362303
-0.112001
0.086565
-1.249697
-4.709485
0.096471
-1.557112
0.003828
0.265216
1.349110
0.116807
-0.020766
0.022543
-0.053794
-0.286138
24
1.444512
4.082061
-0.419249
0.479434
0.172700
0.248639
-1.098523
2.130229
0.160592
0.022257
-0.178405
0.217874
0.945149
-1.783486
-0.485319
-0.057126
0.233554
0.331084
-0.430315
0.597274
0.143028
-0.366660
-0.065968
-0.205537
24
1.833595
4.972010
-1.391055
0.850465
-0.015856
0.364799
-0.038877
-0.157883
-0.075855
0.443691
0.318217
-0.226323
1.678302
-1.091184
-1.659094
0.199773
-0.406909
0.322096
0.130861
-2.570093
0.667965
0.264739
-0.316305
-0.476209
24
0.370974
0.897933
0.008563
0.211568
-0.045441
0.251869
0.085329
-0.172478
-0.314543
-0.779388
-0.070351
-0.125777
1.529884
-0.243137
-0.467973
-0.632667
-0.373133
-0.252114
0.201430
-0.296661
-0.484084
0.104099
-0.049879
-0.110776
24
-0.400131
-0.471135
0.331191
-0.114578
0.078240
0.000514
-0.156377
-0.193484
0.170881
-0.416213
0.021094
-0.140422
-1.126213
-0.607620
0.196607
0.469884
-0.028253
0.010746
0.718375
-1.799809
0.765790
0.125786
-0.045615
-0.586226
24
-2.005866
-3.216884
0.532403
-1.932502
0.048568
-0.332315
0.456669
0.107316
-0.728979
0.916750
0.016383
0.106214
-4.489222
-1.283168
2.135136
0.848008
0.583677
0.323659
-0.582180
-0.784355
0.637207
0.718184
-0.234443
0.126183
24
0.270075
0.207576
-0.177472
0.121050
0.050753
-0.144473
0.012390
-0.111299
-0.512621
0.264901
0.305039
-0.180143
-2.315381
0.201674
-1.513809
0.780915
-1.352717
0.508154
-2.323877
-0.323274
-0.664353
0.062001
-0.538027
0.309082
24
0.007807
-0.881444
-0.009594
0.131473
-0.007758
-0.136805
-0.162024
-0.295022
0.139793
0.346721
0.006298
0.051978
2.187360
-0.984013
-0.592972
-0.584590
0.011999
0.099744
-0.375449
0.332672
2.022201
-0.514636
-0.652407
0.143880
24
0.019266
-0.937436
-0.210932
-0.614943
-0.204519
0.014871
0.008543
-0.406228
0.107070
-1.014835
-0.063269
0.162766
0.340166
1.039605
0.229990
-0.019081
0.134461
0.069317
0.200141
0.047776
-0.193059
-0.250670
0.181137
0.463716
24
1.955173
0.931508
-0.366634
0.616678
-0.027267
-0.023905
0.582673
-0.691261
-0.023125
-0.342970
-0.038441
-0.132235
1.435544
0.577754
0.605523
-1.287167
-0.401285
-0.469652
-0.938838
0.499066
1.529123
-0.677376
-0.358238
-0.177188
24
-0.313342
0.003655
0.121525
-0.263676
-0.088044
-0.079909
-0.013688
-0.848426
0.199470
0.369018
-0.073358
0.034906
-0.098775
3.536991
-0.145868
0.841802
0.446811
-0.086809
3.067358
-1.200460
0.168693
-1.853436
0.099437
0.196895
24
0.169579
-0.201881
-0.245357
0.190259
-0.124031
0.012327
-0.096501
-0.354903
0.077819
-0.363714
0.011477
0.079366
1.905464
-3.511503
-0.654302
-0.520020
0.372788
-0.054077
0.322260
-1.523489
-0.479778
-0.370739
-0.029928
0.433346
24
-0.601249
0.092741
-0.185961
-0.712371
-0.174255
0.231652
1.866452
0.120934
0.194112
0.604014
-0.198683
0.309245
0.252000
-0.772498
-1.027273
0.274598
-0.053366
-0.005623
-1.065579
0.604202
0.463367
0.060686
-0.370385
0.290026
24
-0.145208
-0.298423
0.100447
0.100436
-0.020704
-0.054350
-0.177516
-0.093056
0.369214
0.250114
-0.032476
0.134778
0.725616
2.188620
1.506191
-0.101645
0.261300
0.807952
1.520101
0.805945
0.848591
0.087777
0.312206
-0.126259
24
-1.468041
-2.018095
0.849862
-1.243574
-0.120286
0.028003
-0.117199
-1.102015
0.389736
0.316014
-0.007407
-0.151335
2.918306
1.696797
0.794548
0.286682
0.174385
0.251294
-1.315884
0.366910
0.146225
0.740892
0.067364
-0.019171
24
-0.055595
-0.816787
0.578968
-0.448715
-0.066237
0.213263
0.477010
-2.880263
-0.074165
0.244644
-0.225022
-0.518331
3.330795
1.470655
0.153748
-0.624162
-0.432980
-0.734731
-1.333035
-1.329376
1.013159
-0.096987
-0.274823
-0.405322
24
-0.932149
-2.307771
0.361793
-0.439884
-0.095910
-0.045294
0.260476
0.283570
-0.622182
-0.703789
0.078016
-0.070148
2.131996
3.604920
0.973410
-0.028354
-0.196428
0.514125
-0.310328
-0.756966
-0.317819
-0.004392
-0.173166
-0.085795
24
-3.857665
3.369075
-1.216874
-2.591656
-0.243156
2.043640
3.173805
0.103216
2.337092
2.402759
-1.693131
0.962358
4.099965
-0.531263
-5.437843
0.388250
-0.303251
5.916530
2.115493
1.484695
-1.621847
-3.050742
0.933829
-0.647209
1
24
4.611238
-2.498559
-4.417146
3.320991
-3.085856
4.343530
-4.428654
-5.108035
-3.070058
-3.019646
8.096681
-4.509338
4.726846
2.530727
-6.977896
-5.119345
2.137139
5.720901
6.353123
3.129462
5.146461
-3.107659
-1.864848
-5.265173
1
3.905411
