1
32
35
-0.903294
0.059618
0.638564
1.412380
1.672856
0.121384
-2.144746
-0.810000
-0.000000
-0.000000
0.000000
-0.098721
1.020855
-2.087977
-1.995304
0.407304
-1.155504
-5.234198
0.981638
-0.865798
-1.346795
-0.489268
-1.152981
-2.336831
-0.410911
1.465897
-2.423622
1.595777
0.022484
-3.479107
2.123073
-3.846480
-0.269499
-0.509383
0.141368
35
0.894172
-2.544753
0.972481
2.310142
1.375686
-0.959572
-3.023180
0.857847
0.000000
0.000000
-0.000000
-0.421914
-0.643062
-1.392826
0.619079
-1.201519
-2.012955
-3.512573
-0.248196
-2.575747
-0.390806
0.874195
1.031239
0.730725
0.785630
-1.182488
-0.593219
0.152103
-3.129189
-2.518218
1.442363
-0.513475
-2.110967
0.730926
1.192435
35
-0.381698
-1.176124
-0.224276
2.253618
-0.598322
-1.352283
1.059869
0.840039
0.000000
0.000000
0.000000
-0.378392
-0.204053
-0.439248
2.273527
1.975130
1.059193
2.921061
2.283827
0.482254
0.231645
0.897342
-0.459592
-0.014561
-0.532449
1.615750
1.058925
-1.413315
0.008698
-5.038145
-2.789335
-1.091779
-0.473140
-0.639680
-0.240327
35
-0.809063
2.023518
1.283338
0.113230
-1.110249
-2.535924
-1.083857
2.143281
0.000001
0.000000
-0.000000
-0.597121
-0.940504
-0.809144
0.222339
-0.396175
-0.065304
-0.801125
0.153021
0.034094
0.194558
-0.089231
0.311914
-0.982827
0.600469
0.631373
0.118594
0.089547
-0.250358
0.241423
0.351187
-0.264151
-0.130369
-0.168054
0.104391
35
2.205501
1.873641
1.181865
0.816363
-0.314637
-1.132157
-4.586893
-0.126875
-0.000000
-0.000000
-0.000000
0.644518
1.481257
-3.362221
2.090389
-0.558681
-1.260956
-7.060288
0.100478
0.458754
0.254167
0.852951
0.400477
-0.949806
-0.244293
-0.594280
-1.323308
-0.200994
1.105508
0.961385
3.998087
-2.174738
-1.408730
-0.282794
0.965106
35
0.806395
-0.779041
-1.819966
-1.630016
0.067496
0.944679
1.876958
0.631631
0.000000
0.000000
0.000000
0.295261
-1.121573
3.200434
1.158888
1.199406
0.233256
3.109691
-1.625252
-1.473852
-2.554397
-0.086142
0.804397
0.314066
0.456318
-0.791676
2.118334
0.241761
-1.078200
3.289614
-0.201576
1.375167
1.807093
1.748620
-0.373105
35
0.864744
2.014761
1.091090
0.776710
-1.414175
-3.007502
0.267425
-0.561441
-0.000000
-0.000000
-0.000000
2.064819
1.089115
-0.965469
-0.319715
-0.475175
-0.700296
-1.365219
-0.418920
0.989112
0.146891
0.151293
0.867136
-0.604957
-0.534505
0.382963
-0.500252
0.200645
-0.627786
0.672756
1.311244
-0.953519
-0.272842
-0.138038
0.418547
35
-1.394622
-0.225728
0.367559
2.178084
1.597506
1.675723
-4.394938
0.159047
0.000000
-0.000000
-0.000000
-0.578790
-0.461554
0.068665
0.014634
0.131960
-0.255137
-1.148815
0.195324
-0.590969
-0.034735
-0.119082
0.199353
-0.617062
0.894742
1.072854
-1.016554
0.166164
-0.158514
-0.520228
0.165878
-0.633845
-0.442566
-0.136741
0.111652
35
-2.634411
-2.255192
-0.673935
-1.647202
-1.377723
0.918884
7.673717
0.022939
-0.000000
0.000000
0.000000
0.665143
0.745470
-1.483617
-0.014872
-0.181849
-0.733734
-2.250283
-0.166968
-0.148084
-0.443072
0.061946
-0.373158
-2.266179
-0.758788
1.643669
-1.494096
0.115687
0.084713
-0.964030
0.033633
-2.190509
-1.259498
0.172777
1.047387
35
3.924702
2.078424
0.748902
0.269759
-0.917745
-2.569070
-4.410640
0.947982
0.000000
0.000000
0.000000
1.279099
0.514635
-0.952924
-0.874989
0.416163
0.611179
-1.059986
1.432051
0.812773
0.024807
-0.679156
-0.041428
3.091265
2.694206
-1.620535
-0.875285
0.453629
0.011294
0.912105
0.259434
-0.280456
-0.321120
0.559184
0.139469
35
1.238321
-0.786189
-1.016415
0.459243
-0.154229
-0.192544
1.047453
-0.294766
-0.000000
0.000000
0.000000
1.876248
0.494796
1.543795
-1.265931
-1.194941
-0.185820
4.856263
-0.880111
-0.228039
0.473438
1.252029
0.896502
1.106259
0.212559
-0.651525
2.451988
-1.273355
-0.482735
2.356687
-0.784609
2.282339
1.937785
1.083998
-0.809966
35
1.098454
-0.484417
-0.585000
-1.202960
-0.982029
0.323550
1.541020
0.290229
0.000000
0.000000
-0.000000
1.291958
-0.097052
1.178388
-1.074479
-1.480888
0.102883
1.603782
0.619722
-0.061828
-2.127063
-0.590056
0.082474
2.372077
1.041499
-1.141877
1.513034
-0.210620
0.677594
-1.835616
-0.425389
4.095570
0.455367
-0.929581
-1.014644
35
-0.919529
0.270828
-0.422191
-2.268167
1.696345
2.522334
-0.073143
-0.828355
-0.000000
-0.000000
-0.000000
-0.206518
0.761921
-2.407809
-0.319479
0.558112
-0.714450
-1.382417
1.174492
0.464857
1.278420
-1.355352
0.026210
-0.135399
0.189863
-0.094781
-1.142336
0.317343
0.216387
-0.690716
0.451692
-0.678433
-1.300783
0.749516
-0.181837
35
-0.242690
1.107091
0.549940
-0.141470
-0.567290
-1.037269
-0.739498
1.198053
0.000000
-0.000000
0.000000
0.160569
0.529909
-0.946792
-0.238363
0.114079
0.238842
-1.876832
-0.580040
0.418389
0.518806
0.249655
-0.095940
-0.565181
0.716464
1.126059
-1.325216
0.601083
-0.444812
0.540967
-0.876118
-2.129694
0.918022
1.324768
0.777360
35
0.869397
-1.969561
1.281617
2.421106
1.746821
-0.170162
-2.811484
-1.424042
-0.000000
0.000000
0.000000
-0.161312
1.419796
-0.477801
0.264026
-0.722069
-1.619811
-3.208486
-0.087105
-2.259470
0.118686
0.648130
1.146502
-0.530685
0.426214
-1.591731
-0.209061
-0.290022
-2.455482
-2.205142
1.488646
-0.480241
-1.872984
0.406497
1.141839
35
-3.263820
-1.444386
-1.335716
-0.073371
1.016024
2.200481
4.106860
-1.396987
-0.000000
-0.000000
-0.000000
-1.152692
-1.006965
-1.097352
-4.423902
-0.066602
0.270957
0.709643
0.672729
-1.729322
-1.554639
0.245240
-0.885934
1.072244
0.330881
0.929101
0.979442
0.874871
-0.174087
-4.617613
-2.390454
0.429590
-0.937206
0.727218
0.543752
35
5.112171
0.271230
0.092735
-0.425405
-3.446000
-4.204016
2.695047
-0.012478
0.000000
-0.000000
-0.000000
3.881447
1.534182
-1.658875
0.330564
0.247375
0.105803
1.641755
-0.214867
2.553910
0.050550
-0.666980
0.165911
3.019313
1.537575
-3.426989
2.399022
0.636081
0.502536
3.107724
-0.952143
0.300342
-0.823630
-0.246049
0.242315
35
-2.037293
-1.704491
-0.899064
-0.606164
0.479459
1.004055
4.065197
-0.132263
-0.000000
-0.000000
0.000000
-2.690110
-1.145065
3.926660
-1.114180
0.785446
1.005649
6.348447
0.244923
-0.715480
-0.331646
-0.605368
-0.635399
0.400374
-0.744289
0.311819
1.192627
-0.088188
-0.863095
-1.005854
-3.406651
2.071454
1.291447
0.146994
-0.801615
35
-2.576705
-0.023693
1.161105
0.996080
1.261496
1.895214
-2.641872
0.010026
-0.000000
0.000000
-0.000000
-0.601605
0.616363
-1.540822
-1.250490
-0.981495
1.069526
-2.502816
-0.139831
-0.065865
-1.236279
-0.663739
0.713618
-1.939110
-0.730113
1.087260
-1.338574
-0.388679
-0.417969
-1.197803
-0.478489
-0.823075
-1.858630
0.540134
-0.290414
35
0.337951
1.289448
0.461538
-0.118638
0.099964
-1.042438
-0.883932
-0.157923
-0.000000
0.000000
0.000000
1.275998
0.737264
-1.474709
-0.790508
-0.113145
0.205478
-2.380793
-0.079572
0.204483
0.747176
0.396906
0.917986
-0.592948
-0.825617
0.862258
-0.956331
0.803400
-0.023112
1.003788
-2.849931
-1.920280
2.225337
1.499965
1.207072
35
3.801719
3.415637
1.406574
0.193881
-1.167620
-2.498651
-4.172286
-0.918573
-0.000000
0.000000
0.000000
0.987807
0.166356
-0.386704
-0.911963
1.009837
0.854955
-1.641403
1.936301
1.158545
-0.277702
-0.727225
0.204534
2.669564
1.525963
-1.627194
-1.110246
0.502769
-0.370670
1.158478
0.616364
-0.189366
-0.308890
0.138021
0.039627
35
-1.438408
-2.503161
0.146136
1.368340
2.172415
1.224557
-1.334428
0.282082
0.000000
-0.000000
-0.000000
-0.354404
0.867923
-2.061601
-1.998950
-0.928864
-1.428937
-3.458888
2.505687
0.546878
0.253763
-0.166506
0.034092
-2.011049
-0.886456
0.412819
-0.199608
-0.092827
0.214715
-3.758092
2.228460
-2.104413
0.447600
-0.304197
-0.526037
35
-3.342772
-2.037036
-1.679799
-0.837380
0.554417
1.507758
4.162134
1.476818
0.000000
0.000000
0.000000
-0.443429
1.776160
0.104383
-4.534579
0.364754
0.286516
1.108850
0.805655
-1.890832
-1.650810
0.380855
-1.155552
1.197015
-0.583690
-0.023397
1.391759
0.656925
0.061730
-4.278056
-2.536775
0.450417
-0.536422
0.937514
0.500321
35
0.738800
-0.482445
-0.033966
-0.275673
-0.866168
-1.673658
2.705660
0.015847
-0.000000
0.000000
-0.000000
-0.267720
-0.136682
1.480632
1.176621
0.794030
-0.446854
1.642701
-0.023767
0.868066
0.406943
0.623118
-0.339368
2.364191
1.079728
-2.175620
0.912507
0.677246
-0.392412
1.108534
-0.045593
1.508740
2.549281
-0.854113
0.616811
35
0.136303
-0.353205
0.495266
0.195727
0.903449
0.073474
-1.515647
0.054195
0.000000
0.000000
-0.000000
-1.188839
0.324927
-0.184221
-0.715935
-1.876491
-0.087977
-2.266510
-0.860629
-0.424275
-0.604070
-0.848560
0.140832
-0.167334
0.679866
-1.821530
0.245455
1.023259
0.004380
5.602604
1.127325
0.438843
1.412265
1.237378
0.477021
35
0.166404
0.145888
0.090691
-1.067479
0.846051
0.690153
-1.362461
0.444569
0.000000
0.000000
0.000000
-1.745028
-0.699528
-0.223382
-0.390982
-1.984438
-0.094926
-2.446741
-1.686596
-0.475759
-0.275352
-0.813010
0.485910
0.824680
1.080266
-1.926300
-0.837150
1.164302
0.098477
5.235563
2.133375
0.887738
0.975233
0.912054
0.349709
35
0.494305
-0.085903
1.660878
1.976294
-0.642524
-1.254305
-2.306167
0.065616
0.000000
0.000000
-0.000000
1.255067
0.418352
-0.961666
0.175462
1.545324
-1.883410
-1.155818
0.356186
0.003959
0.921292
1.289465
1.298697
-1.447694
-0.416870
0.485481
-1.209655
0.302095
-0.896463
0.383692
1.659228
-2.557085
-1.188228
-0.213765
1.886224
35
3.565449
-2.963444
1.859701
2.539305
3.741478
4.024756
-12.826324
-0.000014
-0.000000
-0.000000
-0.000000
0.093691
0.795969
0.499754
-0.114904
0.047621
0.027120
0.131576
-0.103691
0.069656
-0.053923
0.077727
-0.002862
-0.252182
-1.064092
-0.242480
0.133103
-0.155707
-0.101748
0.051325
0.005964
0.194421
0.114342
-0.061086
-0.031787
35
-0.052361
-0.491636
0.470655
1.019535
1.164759
0.812845
-2.930856
-0.000376
0.000000
0.000000
-0.000000
-0.930411
0.325276
-1.035208
-0.331692
-0.782814
0.138346
-1.457039
3.927291
0.516845
0.205931
0.087799
-0.342393
-3.352446
-1.134559
0.716179
1.671471
-0.591470
-0.248291
0.793609
3.894094
-0.303126
-1.008060
0.067102
-1.159588
35
-2.222193
1.741479
2.501372
2.037884
0.842579
-0.544105
-3.318971
-1.029937
-0.000000
-0.000000
0.000000
3.160903
-0.795022
0.984086
2.630809
0.120181
-1.214913
-2.633946
0.800905
2.737259
-0.442260
-0.472504
0.124142
-1.249369
0.031676
-0.195249
-1.742600
0.061281
-0.583723
-0.136122
0.039306
-1.577864
-0.225257
0.218394
-0.267990
35
2.432957
-2.047165
-1.980340
-2.233472
-0.356789
1.670044
3.533533
-0.987288
-0.000000
0.000000
-0.000000
-4.385280
-0.614920
-2.183675
-3.227650
-0.268662
1.776581
2.569894
-0.326292
-3.563135
0.503574
0.549748
-0.032433
1.122942
-0.268044
0.141975
1.808275
-0.253720
0.747811
-0.106722
-0.458398
1.870455
0.092629
-0.019144
0.466341
35
5.755516
-4.776241
-2.930642
-2.345651
-0.581460
1.096936
2.894093
0.711239
0.000000
0.000000
0.000000
0.901423
-0.399245
1.369226
-0.051441
0.816434
-0.151963
2.928988
-0.839444
0.423932
-0.420021
0.474038
0.124683
-0.681843
-0.250027
2.450243
-0.899514
-0.603146
-0.942847
-0.611727
-1.185567
1.639106
0.915193
-0.718238
-0.618832
32
-10.875099
-6.689795
3.654446
-0.562614
-8.741398
9.819034
-3.479305
-0.892980
-1.675729
-3.908779
8.938686
2.899817
-10.996864
-3.235994
-7.355901
1.397692
4.064301
9.171742
-8.062971
-3.550335
-2.342180
-9.657269
0.253585
7.174739
-3.372195
-3.373272
-4.093093
-5.596415
-9.417026
-3.028865
4.510655
6.036172
1
32
-3.153179
3.960705
3.053603
6.474098
-5.706639
1.951538
-3.581874
3.533582
-1.122592
4.909377
-3.014145
2.176887
-6.266112
3.937055
-4.732203
-4.655038
1.810826
-6.873127
-3.930655
-2.317406
-3.334756
4.409782
4.517801
-5.905237
-3.326025
5.660478
1.958181
18.428600
-9.206283
-5.291571
-4.906993
2.152057
1
10.444078
