1
72
64
0.014068
0.407181
-0.242712
-0.254754
0.149393
0.172516
-0.138060
0.035710
-0.010338
-0.173683
0.187456
-0.017699
-0.070879
0.075838
-0.136083
-0.004594
-0.615115
-0.366867
-0.509939
0.377767
-0.190295
-0.070501
0.091320
0.071140
-0.315778
0.548127
0.011468
0.201502
-0.032650
-0.103673
0.096092
-0.025485
0.564654
-0.164830
-0.358510
0.125370
0.452716
0.313415
-0.110548
-0.014463
0.667489
0.637006
-0.394440
-0.204817
0.254185
-0.060194
0.004818
-0.056274
1.141398
-0.288985
0.317020
0.145139
-0.118865
0.196255
-0.002380
0.018066
0.192623
-0.272533
0.433884
-0.199628
0.008975
0.240018
-0.213765
-0.073961
64
0.088418
-0.383804
-0.383005
0.019197
-0.151802
0.127891
0.041393
0.061244
0.401229
0.498465
0.083938
-0.188707
0.103596
0.290560
-0.008454
0.053556
0.707178
-0.447966
-0.184895
-0.243134
-0.237589
-0.039991
0.019731
0.038543
-0.224082
-0.517261
0.148338
-0.243203
0.196027
0.149065
-0.024147
-0.066781
-0.479653
-1.034185
-0.391887
-0.427116
-0.027568
-0.057302
0.018826
0.131712
0.083202
-0.173087
-0.323040
0.200369
0.121022
-0.158176
-0.112133
0.108802
0.072673
-0.541571
0.138059
-0.114395
-0.213669
-0.415858
0.032787
-0.026665
0.172253
1.022233
-0.141012
0.242860
-0.025841
0.028564
-0.031785
-0.042253
64
0.367158
-0.619540
-0.208391
-0.151112
-0.175836
0.017547
-0.015376
-0.017267
0.369731
0.238909
-0.181598
-0.060235
-0.305591
-0.002656
-0.066198
-0.013642
-0.444605
0.214628
-0.069814
0.034947
0.219228
0.128044
-0.164061
-0.057014
0.166001
0.227356
0.269871
-0.053841
0.018596
-0.093571
0.062536
0.078456
-0.033682
-0.228321
-0.064084
0.344182
-0.135347
0.180287
-0.031121
0.047545
0.760848
0.036899
0.090580
-0.463387
-0.354184
-0.118460
-0.159621
-0.027038
-0.652809
-0.062167
-0.462533
-0.109770
0.903938
-0.062028
0.129420
0.096396
-0.304326
0.348949
0.371715
0.268030
-0.108982
0.282266
-0.072568
-0.097877
64
-0.396324
1.707603
0.294689
0.165781
0.271983
0.150046
0.009034
0.025656
0.037759
1.720150
0.781111
0.007412
-0.056445
-0.115070
0.038151
-0.059509
1.481426
-0.576050
0.259893
-0.067223
-0.326602
-0.011592
0.038914
0.056804
0.289227
-0.650267
-0.201124
-0.047800
-0.000824
-0.028876
0.008352
-0.008194
0.577451
0.088970
0.046564
0.044548
0.069634
0.078559
0.004013
0.039226
-0.380537
-0.258103
-0.053621
-0.322794
0.109938
-0.151616
-0.011488
0.002552
-0.105082
0.069072
-0.267864
0.123702
0.070589
-0.069621
0.063673
-0.007304
0.133924
-0.234877
-0.033751
0.051714
-0.028687
0.133874
-0.001906
0.011123
64
0.450023
-0.151793
-0.089905
-0.143256
0.010521
-0.066425
0.074273
0.028117
0.014171
0.477532
-0.270772
0.135786
-0.011500
-0.153584
-0.049961
-0.080858
0.038234
0.191964
0.357917
0.253449
-0.144971
-0.042700
0.046638
0.031432
-0.205901
-0.602058
0.160117
-0.466122
-0.132559
-0.071496
-0.062873
0.056457
-0.464038
0.163240
0.245566
0.216245
0.235272
0.189224
-0.020963
-0.030238
-0.010267
-0.444084
-0.523972
0.770046
0.263733
-0.284084
0.203932
0.065803
0.863143
-0.122452
-0.172693
-0.379135
-0.015480
-0.562759
0.057170
-0.153064
0.690688
0.481895
-0.331944
-0.534112
-0.165863
-0.147330
-0.087526
-0.049872
64
-0.123726
-0.059562
0.007126
-0.173832
-0.164964
-0.101473
0.165102
0.033176
0.108839
0.016337
0.013690
-0.169532
-0.121516
0.192564
-0.074154
-0.087354
0.022784
-0.115665
0.040163
-0.170932
-0.275682
-0.039390
0.072575
0.162233
-0.022468
-0.023706
-0.022558
-0.054417
-0.015495
0.124912
-0.030771
-0.011569
0.087511
-0.015511
-0.115108
-0.043486
-0.043121
0.118730
0.012996
0.125883
0.067363
-0.062608
-0.035344
-0.222971
-0.018254
0.174559
-0.064651
-0.156879
0.116448
0.019299
-0.015894
-0.084865
-0.083812
-0.024454
0.092822
-0.008656
0.026824
-0.056667
-0.092757
-0.056797
0.137161
0.134775
-0.119869
0.047163
64
-0.237432
0.250513
-0.010783
0.236366
-0.026362
-0.017673
0.038231
-0.037410
-0.363935
0.096027
0.088991
0.334840
0.000036
0.024054
0.048868
0.014387
-0.071623
-0.362897
-0.142320
0.087423
-0.191637
0.221636
-0.013060
0.059035
0.501759
-0.271601
0.431617
-0.502513
-0.127664
0.353717
-0.073691
0.028515
0.186146
-1.462940
-0.677655
-0.269794
-0.327996
0.163252
0.039982
0.075729
0.039778
0.253744
-0.747313
0.562404
0.043306
-0.035363
-0.023565
-0.058270
-1.320857
0.892342
0.525020
-0.363999
0.223111
-0.000475
0.054688
-0.024941
-0.065796
0.277389
-0.209209
-0.062988
0.110999
-0.062304
0.062274
0.026762
64
0.427088
0.072433
0.250135
0.071822
0.236938
0.028164
-0.100588
-0.055239
-0.601801
-0.447321
0.246610
-0.056178
0.170039
-0.374394
0.013559
-0.079735
-0.401507
1.175176
0.098702
-0.010498
0.412717
0.064761
-0.043984
-0.024077
0.246122
1.091238
0.097592
0.033913
-0.132389
-0.430872
0.071354
0.082250
-1.105524
1.027462
-0.049665
-0.302088
0.350914
-0.107801
-0.074355
-0.076517
0.949356
-0.890307
-0.090300
-0.864335
-0.172661
0.061496
-0.060702
-0.022895
0.644727
-0.250623
-0.255026
0.502498
0.404015
-0.165790
-0.104944
-0.024654
-0.237845
-0.775318
0.272808
0.147427
0.204645
-0.222263
0.051555
-0.029708
64
-0.392433
0.660644
0.233690
0.335816
0.097398
-0.188225
-0.103656
-0.210733
0.229941
-0.232400
0.107942
-0.292316
0.050593
-0.366901
0.123047
-0.018010
-0.328451
0.561342
0.449721
0.284315
0.326529
0.074028
-0.252695
0.021521
-0.288321
-0.440454
0.080300
0.383300
0.184720
-0.470410
0.129729
-0.038792
0.879918
-0.233157
0.193176
0.079498
0.459317
-0.025692
-0.072015
-0.035840
0.379350
-0.005861
-0.403818
0.143976
-0.073253
-0.233195
-0.014434
0.176376
0.433232
0.238500
-0.266177
0.071478
0.182834
-0.372218
-0.054197
-0.061934
0.241472
-0.429297
0.102774
-0.044680
-0.038160
-0.142088
-0.027465
0.006413
64
0.193142
0.237360
0.121001
-0.245490
-0.082436
0.060429
-0.042892
-0.003803
0.380256
-0.335005
0.191175
-0.120796
-0.039032
-0.045519
-0.037934
0.084220
-0.101173
-0.542675
0.289650
-0.119320
0.204632
0.214165
-0.007575
0.032910
0.345347
0.151351
-0.333812
0.218354
-0.010083
0.280089
-0.036303
-0.062119
0.552621
-0.070973
0.744238
-0.067455
-0.124122
-0.277329
0.022955
-0.035254
-0.527333
-1.160370
0.370794
0.635018
0.152187
-0.325435
0.054832
0.046443
0.667040
-1.024330
-0.256253
0.711750
0.471064
0.008328
-0.082438
-0.086816
-0.019346
0.877428
-0.352408
-0.232277
-0.122651
-0.009602
0.097227
0.005420
64
-0.082049
0.182663
-0.144524
-0.076757
-0.070154
-0.006791
0.071258
0.016856
0.382869
-0.552841
0.131105
-0.373431
-0.000032
0.215300
-0.003521
-0.026050
-0.431293
-0.291706
-0.288107
0.241404
0.169648
-0.068349
-0.038349
0.006134
-1.170263
-0.300747
0.516084
0.750166
-0.003957
-0.060110
-0.023256
0.059898
-1.525901
0.758370
0.236969
0.330857
-0.263576
0.020133
-0.138860
0.012182
-0.187076
-0.641419
-0.051698
-0.109360
-0.007858
0.267536
0.009676
0.034656
1.009267
0.283112
0.551894
-0.073294
0.038443
0.118383
-0.035785
-0.053404
-0.109279
-0.702528
-0.202918
0.070980
-0.030387
0.055528
0.031094
0.057537
64
1.122725
-0.751775
0.338754
0.494184
0.512476
0.000282
-0.139668
-0.030477
0.661893
-0.673919
-0.243747
-0.630391
-0.241903
0.045257
0.029435
0.026800
-0.192361
-0.049202
1.026695
0.587397
0.065810
0.032575
0.022454
0.003066
0.441347
0.252247
-0.209499
-0.497287
0.016561
-0.158889
0.002656
-0.046946
0.714190
-0.674432
0.241818
-0.192357
-0.193345
-0.035975
0.100205
-0.098581
-0.170491
0.392311
-0.289338
0.236017
-0.108682
0.087267
-0.068859
-0.090487
0.339431
-0.226136
0.108063
0.140764
-0.037000
-0.127179
0.023476
-0.014652
0.179077
0.331060
0.082099
-0.203785
0.058224
-0.030957
-0.066975
-0.002128
64
0.111273
-0.310013
-0.207108
0.265790
0.224065
-0.124612
-0.047923
-0.018655
-0.695477
0.099563
0.496497
0.060349
-0.044829
-0.232796
0.078007
-0.085536
0.450294
0.421824
-0.369918
-0.003450
0.079741
0.028420
-0.066643
-0.199145
0.363272
-0.540849
0.075139
-0.664079
-0.579751
0.486564
-0.050826
0.065073
0.063638
-0.306055
0.344097
-0.529325
-0.181836
-0.341990
0.085670
-0.032998
-0.101897
-0.213984
0.165987
-0.183284
-0.151142
-0.209690
0.007291
-0.042314
-0.122886
0.010841
0.019393
0.265311
0.195795
0.083970
-0.114709
-0.006169
0.164337
-0.142884
0.165623
0.247289
0.117100
-0.001136
0.038095
-0.016088
64
0.111158
-0.272920
0.014124
0.059789
0.104817
0.319349
0.114235
0.037115
-0.165228
-0.446946
0.157851
0.085955
-0.082288
0.110311
0.023376
-0.047076
-0.411764
0.480269
0.278663
-0.550696
-0.052572
-0.060342
0.052701
0.091016
0.432697
-0.168656
-0.033983
-0.103301
-0.232715
0.311274
-0.074275
-0.028480
0.047704
-0.131092
0.494597
-0.215851
-0.379300
-0.590545
0.123043
0.128327
0.569930
0.056134
-0.216233
-0.397202
0.285848
-0.085759
-0.201729
0.003907
-0.101609
0.030236
-0.277613
-0.207330
-0.254402
0.028353
0.009966
0.033569
0.225127
0.289767
-0.124135
-0.260976
-0.033168
0.175049
-0.084301
-0.001967
64
0.993004
-0.565762
0.483064
0.369286
0.238209
-0.042802
0.103175
-0.032292
-0.127684
1.107518
0.123929
0.067889
-0.071073
-0.260965
0.002085
0.017420
-1.466022
0.894419
0.509471
0.248878
0.066345
-0.053275
-0.072628
0.001626
0.262944
-1.806429
-0.115021
-0.712113
-0.175091
0.011352
-0.030197
0.022055
-1.556337
0.414553
0.354474
0.214701
0.063288
0.039296
0.022604
-0.029087
-0.652006
-0.516910
-0.004679
0.078291
0.065244
-0.113505
0.017126
-0.059072
-0.039261
0.041514
0.008504
-0.095216
0.047521
-0.047470
0.004641
-0.029767
-0.012194
-0.179390
0.147904
-0.050704
-0.052992
-0.034227
-0.018933
0.014167
64
-0.225851
0.336525
-0.098277
0.117592
0.006684
-0.007835
0.010569
-0.055771
-0.514068
-0.434058
-0.160753
0.389787
-0.080305
-0.000149
-0.073471
-0.007164
-0.244478
0.222224
0.139363
-0.338778
-0.621485
0.151339
0.272075
0.057996
-0.580683
-0.616842
0.139764
-0.035287
0.448415
-0.035345
0.254304
0.070077
-0.875426
0.157008
0.745506
0.336898
0.489473
0.053276
0.025261
-0.118933
0.457350
-0.348273
-0.145933
-0.065350
-0.147700
0.458660
-0.010619
-0.053052
0.372228
-0.923011
-0.118979
-0.330964
0.012173
0.225299
0.068924
0.091933
-0.111072
0.228390
0.005490
0.500058
-0.010515
0.117799
0.092000
0.027081
64
0.100221
0.709468
0.337813
0.328084
-0.028529
0.203469
0.012167
-0.037138
0.386421
-0.237373
0.051010
-0.433930
-0.143603
0.285775
-0.059900
0.025028
0.728290
-1.265155
-0.609714
0.034721
-0.274251
-0.019582
0.086329
0.051268
-0.723625
0.686177
0.482931
0.742012
0.090367
-0.136169
0.026352
0.080331
-0.994413
0.440994
-0.123849
0.192448
-0.067736
-0.144430
-0.031472
-0.016852
-0.164198
0.303036
-0.099965
0.008274
-0.213570
0.156633
0.033764
-0.031193
-0.396456
0.061512
-0.178823
-0.114252
0.107662
0.012748
-0.026466
-0.039995
-0.048918
0.087874
0.183405
-0.114343
-0.023370
-0.054900
-0.036950
0.015990
64
-0.099503
-0.054233
0.117645
-0.054639
0.010598
0.036535
-0.022801
-0.004880
-0.109570
-0.139217
0.116909
-0.126689
-0.035779
-0.167951
0.011473
-0.022257
0.151872
0.083280
-0.106593
0.362802
0.131385
-0.167047
0.010230
0.017642
1.301036
-0.648649
0.472668
-0.925328
-0.406375
0.242667
-0.156503
0.023369
0.743166
1.250388
0.818179
0.347039
0.255014
-0.026963
0.097035
-0.135843
0.001996
0.483763
-0.076976
0.071821
0.222566
-0.367543
0.029261
0.002743
-0.020230
0.341957
0.447418
0.087461
0.390058
-0.033372
-0.086073
-0.010355
-0.467856
0.267919
0.321990
0.236049
0.089834
-0.134144
0.126293
0.073525
64
0.405623
0.080946
0.175939
-0.169681
-0.115813
-0.071230
0.048184
-0.136671
-0.124213
-0.426083
-0.092410
0.295260
0.052132
0.155335
-0.024171
-0.052311
-0.197271
0.389558
0.190328
-0.048188
-0.073409
0.225497
0.017247
-0.035418
0.103093
0.234235
0.123205
0.343268
0.082941
-0.258974
0.032232
0.105526
0.870122
-0.444524
0.098996
-0.415549
-0.268751
0.040071
-0.074532
-0.090236
0.241726
-0.257586
0.175239
0.749171
0.029145
-0.331456
0.075989
0.069457
0.288553
0.562764
0.405411
0.256629
-0.106972
-0.237546
0.056188
-0.016280
-0.294014
0.675816
0.057452
0.312973
-0.224421
-0.352609
0.020920
0.021862
64
0.879704
-0.343667
0.276347
0.590121
-0.161327
-0.387218
0.088544
0.027520
0.378887
0.595452
0.336696
0.232685
0.003917
-0.036680
0.128154
-0.040705
0.551664
-0.574957
-0.115600
0.136181
-0.203194
-0.264508
-0.072353
-0.036548
0.144943
0.362070
-0.056740
-0.089864
-0.254934
0.216378
-0.107670
-0.037344
0.606205
-0.237742
-0.232483
-0.177805
-0.001142
0.082828
0.120720
0.048647
-0.503502
0.118056
-0.065331
0.343784
0.120697
-0.163465
-0.063736
-0.020098
-0.479319
-0.291456
-0.381355
-0.077336
-0.119134
0.210656
-0.030693
0.076810
0.089178
-0.673916
-0.049373
0.093162
-0.189822
0.081721
-0.073523
0.014761
64
-0.485256
0.947480
-0.028773
-0.394752
-0.198597
0.125425
0.081910
-0.011794
-0.121959
-0.901893
0.036351
-0.012815
0.198508
-0.045425
-0.057552
-0.044157
0.459058
-0.225644
-0.092680
-0.077966
-0.163026
0.172843
0.040467
0.018411
-0.065730
-0.324631
0.200772
-0.001887
-0.160064
0.115202
-0.016560
-0.019434
0.208592
0.161808
0.038216
-0.488112
0.012974
-0.134710
-0.033838
0.036646
0.970101
-0.183743
0.757423
-0.170080
-0.125383
-0.378983
0.078537
0.070981
-0.738002
0.874494
0.455308
-0.178956
0.353293
0.165378
-0.013589
-0.060737
-0.082786
-0.721970
0.130393
-0.032441
-0.029628
0.124783
-0.034642
-0.088618
64
0.005548
-0.023208
0.008032
-0.023121
-0.029746
-0.001017
-0.020897
0.038457
0.001077
0.000009
-0.008203
-0.037090
-0.005617
0.019758
-0.011927
-0.009079
0.012432
0.002546
0.006511
-0.031892
-0.020073
-0.016415
0.028907
0.022590
-0.011522
-0.010003
-0.019271
-0.004803
-0.023160
0.010835
-0.035408
-0.003772
-0.005148
-0.017329
0.018867
-0.007309
-0.025220
0.016821
0.012058
0.031714
0.006577
-0.030741
0.002066
-0.026848
0.016922
0.039146
0.006706
-0.037866
0.029999
-0.033422
-0.011661
-0.031826
-0.026720
0.000414
-0.020210
-0.023905
-0.015201
-0.001932
0.010853
-0.020904
-0.010264
0.029055
-0.022723
-0.016712
64
0.705323
-0.334345
0.148844
-0.021488
-0.120440
-0.004976
-0.055691
0.057393
0.181997
0.588636
-0.341597
-0.208648
0.183892
0.093671
0.043394
0.092858
0.629595
0.285947
0.094555
-0.368145
-0.065385
-0.097304
-0.048364
-0.084728
-0.348206
1.366200
-0.426641
0.569915
0.115378
-0.094325
-0.027623
0.035775
-0.248460
-0.146301
-0.233946
-0.888408
-0.054748
-0.008081
-0.054609
0.008763
-0.429267
-0.380406
0.177894
0.171514
0.053898
-0.138892
0.007988
0.056867
-0.730962
0.343950
-0.385400
-0.507876
0.170050
-0.139399
0.016214
-0.087018
-0.052631
1.452649
0.191767
0.383766
-0.011100
-0.067778
0.001816
0.021053
64
-1.160885
0.168943
-0.675761
-1.158056
-0.004669
0.056194
-0.006041
-0.023511
-0.352009
1.370439
0.252174
0.779593
0.221435
0.013470
0.006276
-0.010327
1.342402
-0.056501
0.371752
0.067915
0.110476
-0.141674
0.049623
-0.075502
-0.290900
-0.222294
-0.114668
-0.285877
-0.225937
-0.012684
0.031515
0.007398
0.375522
0.056188
-0.107659
-0.176609
-0.012863
0.023628
0.036885
0.046057
0.078904
0.014546
0.002376
0.114510
0.085008
-0.010101
-0.083275
-0.001967
-0.036701
-0.029383
-0.266238
-0.028413
0.122274
-0.018548
0.126909
0.070042
-0.133290
-0.080839
-0.247128
0.013156
-0.015053
0.068094
0.010729
-0.033853
64
0.126043
-0.026817
0.053645
-0.031136
-0.064740
0.051056
0.046270
0.077140
-0.092227
0.228123
0.051510
-0.210175
-0.100170
-0.123577
0.029868
0.028052
0.157274
0.206090
0.151282
0.114784
0.067431
0.068945
-0.070336
-0.049398
0.118248
0.683308
0.245379
0.102403
-0.063410
-0.057770
-0.083804
0.034555
0.412360
-0.127055
0.059068
0.451359
0.275887
0.149388
-0.181789
0.003918
0.413479
-1.212736
-0.489968
0.038595
-0.291331
0.047706
-0.182587
-0.219062
1.002286
-0.004637
-0.310500
-0.327886
-0.465516
0.050754
0.148968
0.012103
0.201945
0.590026
0.391257
0.562862
0.112947
-0.180908
0.101253
-0.052528
64
0.050453
0.762938
0.119288
0.405613
0.306068
0.126669
-0.056035
-0.057486
-0.479909
-0.289981
0.344152
0.228027
-0.031058
-0.195751
-0.000000
-0.035084
-0.636015
0.851498
0.210852
0.129174
0.655705
0.023030
-0.081175
-0.130552
-0.048445
0.240945
0.304585
-0.256373
-0.067620
-0.249923
0.008945
-0.132234
-0.756867
0.449466
-0.184979
0.141043
0.234066
-0.101074
-0.069885
-0.122471
0.401127
-0.960314
0.186058
-0.176617
0.158165
-0.173168
-0.049211
0.037210
-0.174435
0.108697
0.177089
0.321457
0.063212
-0.263002
-0.171749
0.020849
-0.287570
-0.627226
0.173194
0.269693
0.059968
-0.202973
0.076976
-0.008946
64
-1.075974
-0.013939
0.666814
-0.106660
0.712531
-0.066092
-0.087184
-0.026416
0.739899
0.351573
0.161615
-0.489938
-0.200505
0.163000
-0.053923
0.025817
-1.028102
0.443311
-0.112622
0.208926
-0.429448
-0.153747
0.138701
0.026056
-0.188082
0.265631
0.092445
0.352527
-0.221528
-0.063961
0.048484
0.007975
0.308514
0.238979
0.190083
-0.183494
-0.065161
0.001436
0.108127
0.030342
-0.168443
0.125158
-0.015893
-0.025903
0.030483
0.067605
0.081754
-0.010225
0.060878
0.098477
0.337219
-0.083927
0.044178
0.083010
0.032485
0.045852
-0.174297
-0.246649
-0.063572
-0.143605
-0.056653
-0.042259
0.010838
-0.012435
64
-0.722957
0.265518
0.362945
0.342453
0.375193
-0.267066
-0.052086
-0.128155
0.110995
0.715666
-0.300435
-0.249280
0.358838
-0.056267
0.032729
0.027894
-0.218400
0.238705
0.428279
-0.677856
0.143097
-0.063688
-0.025764
-0.008017
-0.197885
1.120372
-0.030726
0.476000
0.021694
-0.280315
-0.003737
0.036234
-0.066971
0.421348
-0.272083
0.328445
-0.076457
-0.069074
-0.001905
0.038506
-0.398995
-0.148641
0.085734
0.193886
-0.096308
-0.117354
-0.064069
0.032180
0.066051
0.069099
-0.080308
-0.176018
0.140372
-0.130650
0.048053
0.057269
-0.019406
-0.262246
0.036129
0.072164
-0.016555
0.033962
0.022054
-0.051056
64
0.201533
0.218060
-0.179930
0.051642
-0.071792
-0.015910
-0.057894
0.039519
0.028083
-0.118115
0.405095
-0.266229
-0.090115
0.148577
-0.047375
0.026861
-0.215954
0.122666
-0.025637
0.463446
0.117601
-0.155553
0.007876
-0.026062
0.903174
0.878846
-0.012471
-0.543409
-0.187672
0.024431
-0.061927
0.037419
-0.695948
0.596575
-0.491380
0.852836
-0.257368
0.037295
0.047263
-0.082062
-0.235595
-1.426967
-0.117099
-0.384217
0.091858
0.186250
-0.063423
-0.078290
0.286171
0.114431
0.350132
-1.020963
0.201857
0.258599
0.013331
-0.073659
0.056028
-0.162222
0.037574
-0.201061
-0.091473
-0.171192
0.017753
0.043927
64
-0.826026
0.450555
0.086855
0.056285
0.153315
-0.216438
-0.127586
-0.056075
-0.513324
-0.036037
-0.185179
-0.312689
-0.032009
0.130356
-0.110630
-0.074630
0.285160
-0.492268
-0.856602
-0.444201
-0.160726
0.193265
0.040875
0.096888
0.291261
1.629522
0.079924
0.005434
0.052372
-0.030919
0.041874
0.083556
0.880938
-0.945008
-0.025979
0.541333
0.039561
-0.245780
0.025375
-0.037280
0.220879
0.203099
-0.059110
-0.257022
-0.178415
-0.088578
-0.028703
0.022135
0.361496
0.015413
0.342957
-0.206967
-0.049180
-0.178488
0.003519
0.017569
0.179513
0.361906
0.113914
-0.283744
-0.056505
-0.097490
-0.041047
-0.018021
64
0.063938
0.185154
0.277337
-0.374773
0.073271
0.048834
-0.002932
0.034543
0.385319
-0.243838
-0.153600
0.089585
-0.119621
0.024638
-0.009003
-0.069018
-0.053336
-0.408505
-0.037910
0.067245
-0.197452
0.080244
-0.014909
-0.003997
0.885709
-0.471351
-0.141858
-0.256097
-0.671078
-0.100339
-0.040671
-0.020115
1.002736
0.002961
0.355266
-0.580658
-0.360828
0.072236
0.033942
-0.069010
0.453748
-1.621292
0.250701
-0.164233
0.084131
0.185916
-0.050141
-0.079503
0.704398
-1.057989
0.406017
0.844175
-0.079609
0.003110
0.059853
0.045252
0.477758
0.337646
-0.744437
0.343642
-0.117260
-0.050081
-0.008052
-0.011140
64
-0.301674
-0.344239
-0.222685
0.227179
0.103773
0.092008
0.085977
0.057142
-0.242420
0.408678
-0.250490
-0.061977
0.070045
0.179953
-0.025457
0.026739
-0.015476
0.005181
-0.262077
-0.342631
0.204219
0.240717
-0.056255
-0.049322
-0.917686
0.218903
0.038505
0.437050
-0.016266
-0.110623
0.091408
0.031856
-0.846658
-0.112380
-0.215535
-0.817534
-0.142613
0.225688
0.002073
0.074753
0.106016
0.889780
-0.122429
-0.364775
-0.247649
0.415997
-0.104902
-0.003828
0.550964
-1.118635
0.044816
-0.561466
-0.319542
0.110540
0.110720
0.050124
-0.348488
0.679398
-0.320782
0.274613
0.011354
-0.194852
0.009082
0.028807
64
-0.086434
-0.119402
-0.293872
0.162312
0.133846
0.107767
0.010269
0.072779
-0.155119
0.294597
0.275483
0.092290
0.192979
-0.121933
0.101593
0.001020
0.071276
-0.395972
0.020717
0.177558
0.001535
0.214615
-0.040942
0.026474
-0.389329
0.317245
0.016420
0.000344
0.343255
0.115321
-0.039271
-0.014667
0.274276
-0.146413
-0.026910
-0.003251
0.323971
-0.079716
-0.179313
0.023985
-0.003130
0.934377
0.175858
-0.639643
-0.452618
0.941664
-0.171049
-0.184962
0.548314
0.377929
0.364748
0.141924
0.520882
0.260631
-0.072673
0.076809
0.037787
-0.035535
-0.005005
-0.258964
-0.147848
-0.000937
0.079548
-0.011346
64
0.103643
-0.051967
0.270054
0.200664
-0.000844
-0.037938
0.103531
0.021792
0.192144
0.290343
0.003575
-0.046765
-0.131137
-0.116334
-0.029460
-0.043659
0.637432
0.225142
0.252894
-0.399558
-0.110709
0.002849
0.015483
0.021293
-0.360532
-0.006735
-0.166303
0.181254
0.187637
-0.131457
0.100922
0.104662
-0.662421
0.535723
0.063799
-0.238942
-0.367837
0.155661
0.084600
-0.056077
-0.380732
-0.705847
-0.158257
0.704262
-0.024294
-0.240170
-0.002706
0.038169
0.132250
-0.334955
-0.493113
-0.654947
0.301230
-0.043305
0.085947
-0.184081
-0.667688
0.302112
0.620089
0.218109
0.186369
-0.041935
-0.090772
0.002284
64
-0.684795
0.668197
-0.360238
0.025620
-0.681699
0.491185
0.029925
-0.069929
0.033568
0.668322
-0.229843
0.457860
0.275324
-0.373353
-0.030785
0.067991
0.753862
0.698435
-0.047966
-0.609131
0.342201
-0.129126
0.005015
-0.162267
-0.135584
0.602154
-0.008441
0.022747
-0.147125
-0.209067
-0.006396
0.026347
0.011254
-0.102916
-0.089175
-0.292911
-0.000223
0.076124
0.013735
0.013467
0.113407
0.028397
-0.107517
0.168428
-0.042250
-0.046530
-0.082991
-0.061653
0.157796
-0.229724
-0.003937
0.313530
-0.181257
0.012872
-0.024246
-0.032950
0.015272
0.108878
-0.213105
-0.097409
0.012651
0.022175
0.000493
-0.005679
64
0.018234
-0.219915
-0.018236
-0.150738
-0.173756
0.012782
0.057359
-0.026125
-0.276566
0.576109
-0.195159
0.407294
0.398651
0.070925
0.051148
0.018547
-0.985084
-0.912090
-0.313594
-0.168328
-0.055443
0.167680
0.089260
0.159472
0.154758
-0.938480
-0.441108
-0.260597
0.472911
0.090157
0.040637
0.000634
-0.602241
0.028043
-0.562122
-0.032108
-0.564933
0.384973
-0.017086
0.045645
0.222620
0.235060
0.530011
-0.062771
-0.102110
0.154586
-0.143416
0.056973
-0.150387
-0.277596
-0.350028
0.111020
-0.352977
-0.106458
-0.028619
-0.020191
0.212195
0.506501
-0.048269
-0.070349
-0.082699
0.015006
0.035282
0.037749
64
0.240109
-0.253378
-0.178029
0.001284
0.022149
-0.018523
0.007263
-0.001808
0.145209
-0.007023
0.247422
0.098462
0.174912
-0.052996
-0.036969
0.046545
-0.211737
0.254172
0.392892
-0.032098
-0.033653
0.005140
0.041401
-0.044362
-1.072795
0.099510
-0.108691
0.301079
0.046878
-0.011683
-0.090693
0.053719
0.823693
-0.967859
-0.376650
-0.335388
0.185520
-0.143537
-0.017306
-0.005749
-0.655601
0.951103
0.630756
0.035521
0.194366
-0.080522
-0.022658
0.087938
-1.550710
0.330414
-0.817876
0.133994
0.202400
-0.243679
-0.007569
0.072796
-0.257569
-0.576096
0.332085
0.128366
0.076503
0.124130
0.040736
0.064321
64
-0.388793
-0.707112
-0.467290
-0.004933
0.141288
0.020837
0.020247
0.085845
-0.529118
-0.333268
-0.331393
-0.077817
0.236225
0.016956
0.025508
-0.105691
-0.288995
-0.610667
-0.153250
0.089414
0.085782
0.076925
-0.001416
0.064242
-0.080049
-1.864654
0.104573
-0.251420
0.290447
-0.058244
0.083294
0.110911
0.873856
-0.325752
0.123164
1.022187
0.213459
-0.255085
-0.016640
-0.099302
0.056139
-0.596032
0.150932
-0.377230
0.038646
0.143127
-0.079158
-0.063115
0.278128
-0.022951
0.093877
0.243001
-0.086224
-0.030303
0.021217
-0.023320
0.152146
-0.135813
0.078031
0.019454
-0.020958
0.163109
0.010044
0.015020
64
1.675567
-0.413017
-0.070802
-0.604475
-0.344940
-0.153593
-0.027493
-0.044069
0.072411
-1.119920
0.281188
-0.050883
0.135844
-0.096887
0.049730
0.032916
1.372909
-0.924457
-0.003228
-0.316867
0.169672
0.028980
-0.040329
-0.008642
0.221058
0.890443
-0.632465
-0.240487
-0.053087
-0.087062
0.006855
-0.023527
0.131938
-0.268149
-0.300263
0.265447
-0.010825
-0.063873
-0.048708
-0.017923
-0.018099
0.034057
-0.095927
0.120299
-0.046924
-0.033103
0.020779
-0.020093
0.029744
-0.280661
-0.089373
0.089998
0.046665
-0.154624
-0.121937
-0.052858
0.297743
0.636684
-0.031568
0.188284
0.092824
0.044857
0.030215
0.048011
64
-0.100858
-0.491056
-0.458446
0.217393
-0.200916
-0.099386
0.117120
0.022939
0.171463
0.578111
-0.397968
0.159738
0.251437
0.095028
0.038349
-0.046271
0.742610
-0.326105
0.217854
0.576405
0.162469
-0.193484
0.057392
-0.044735
0.432876
0.241012
-0.262976
-0.182360
0.163295
-0.298914
0.196727
0.037024
0.421514
0.288605
0.193331
0.193395
0.338210
0.104174
-0.039067
0.064789
0.098378
-0.609441
-0.173583
0.300810
-0.046294
0.028450
0.018174
-0.081645
-0.775025
-0.224844
-0.503566
-0.564850
-0.184691
0.078313
-0.005870
-0.089073
-0.371555
0.098113
0.097740
0.168745
0.136740
0.114727
-0.074124
-0.005970
64
0.201786
0.124060
0.271215
-0.117644
-0.055783
0.022749
0.072557
0.057404
0.297816
-0.148078
-0.325132
0.118440
-0.016426
0.016081
-0.029734
0.055988
-0.218072
0.416729
0.203570
-0.272448
-0.019562
0.049811
0.020163
-0.006290
0.464359
-0.466960
-0.467221
-0.024915
-0.213108
-0.127000
-0.113538
0.021733
0.973484
-1.544286
0.278855
-0.752734
-0.346673
0.215984
0.093232
0.029223
-0.353583
0.795781
0.774949
0.602199
0.312305
-0.074396
0.088546
0.008259
-1.131244
0.307039
-0.393921
-0.115237
0.214829
-0.272812
-0.018881
0.018119
-0.257247
-0.142782
0.383395
0.148596
-0.122551
0.141120
-0.011034
0.022141
64
-0.536090
0.035522
-0.032359
-0.459712
-0.080540
0.048908
0.081569
0.019702
-0.440369
-0.171184
0.180340
0.584768
-0.009512
-0.318217
0.009126
-0.007127
-0.557507
0.187590
-0.285954
-0.276438
-0.218991
0.289847
0.009509
0.070834
-0.088894
0.154031
-0.219544
0.403711
-0.015116
-0.065124
-0.052783
-0.021124
0.000729
0.345975
-0.549671
-0.149325
-0.133832
0.175634
0.042585
0.057715
-0.366064
0.603060
-0.753947
0.270185
-0.169734
0.093291
-0.091433
-0.063084
0.497375
-0.704672
-0.498805
-0.036895
-0.255539
0.026056
0.021042
0.021389
-0.090962
0.925284
0.058433
0.160237
0.018217
-0.189591
0.005766
-0.018023
64
-0.587424
0.648830
0.245133
0.484144
0.253532
-0.146157
-0.150998
-0.163095
-0.673203
-0.023065
-0.147542
-0.186662
0.216959
-0.135287
0.157902
0.010516
-0.450424
0.860634
0.097534
-0.162785
0.513396
-0.039094
-0.188306
0.021214
-0.277802
0.422401
0.133377
0.502356
0.214214
-0.214801
0.113397
0.083875
0.498189
0.307668
-0.201078
0.684913
0.347530
-0.038498
-0.144657
0.036521
0.537758
0.341880
-0.662991
0.182987
0.062745
-0.223975
-0.008084
0.061013
-0.021671
-0.067294
-0.220205
0.373996
0.147272
-0.235204
-0.020003
-0.012208
0.005304
0.178721
0.147514
-0.018163
0.046170
-0.034614
0.026882
-0.074112
64
0.208664
-0.009592
0.124044
0.080151
-0.109609
-0.116416
0.032343
-0.007633
0.025912
-0.217251
-0.298813
0.164443
-0.113957
0.233567
0.043784
-0.048720
0.258232
0.077444
0.428065
0.075606
-0.191809
-0.141716
0.080877
-0.047972
-0.211022
0.436014
-0.010364
-0.530225
-0.170439
0.073294
0.045497
-0.000100
-0.664741
0.765609
-0.266500
0.025578
-0.141514
0.168405
-0.006200
0.057081
0.306391
-0.548317
-0.066339
-0.682484
-0.248288
0.262933
-0.160284
0.008343
0.165870
0.051500
0.276465
-0.963191
-0.249090
0.082754
0.047496
0.000488
-0.059171
-1.070194
-0.116054
0.013525
0.027342
0.176582
-0.112571
-0.070092
64
-0.284072
-0.225165
-0.207818
0.013585
-0.045590
0.100127
0.018566
0.036611
0.043812
-0.440704
0.019067
0.184984
-0.042730
-0.193911
-0.038661
0.027154
-0.338308
0.192731
0.109818
0.193985
-0.109559
0.145531
0.032298
0.054738
-0.342173
-0.413468
0.056433
-0.428279
-0.291532
0.190516
-0.151116
-0.106602
-0.328870
0.246134
-0.196795
-0.596834
-0.185233
0.111682
-0.012961
0.023940
0.092334
-0.267646
0.330656
0.588219
0.070658
-0.359945
0.070713
-0.022990
0.135290
0.944100
0.624538
0.125978
0.295756
0.277169
0.062998
-0.004199
0.429437
1.373976
-0.119758
-0.093284
-0.283339
0.031638
-0.024308
-0.012832
64
-0.245862
-0.148409
0.010156
-0.123239
-0.075829
-0.166282
0.014915
0.065610
0.515823
0.106147
-0.523047
-0.456265
0.281764
0.347821
-0.051552
0.164971
0.941534
-0.207117
0.028647
0.079800
-0.071993
-0.330470
0.106322
0.166382
-0.560874
-0.693969
0.022445
0.404843
0.241301
-0.025169
-0.037611
0.061168
-0.540098
0.098394
0.128396
0.471228
-0.277179
-0.059731
0.006852
0.055312
0.013241
0.064233
-0.444040
-0.195901
-0.207402
0.033675
-0.022334
0.028893
-0.012965
0.095155
-0.037738
-0.002178
0.010260
-0.001985
0.062725
0.018039
-0.049188
-0.386457
0.134394
-0.080004
-0.169378
0.124161
-0.083216
-0.027527
64
0.467563
0.428882
0.470824
0.056574
-0.043321
0.116691
-0.013837
-0.014658
1.040929
-0.652169
0.216835
-0.467224
-0.364974
0.116610
-0.104579
0.006139
1.398040
0.081711
0.660775
-0.353733
-0.127085
0.003694
-0.033286
-0.020421
-0.119514
1.143301
0.170945
-0.198395
-0.143411
-0.160580
0.032497
0.087001
-1.402461
-0.669851
-0.806717
0.114749
-0.013177
-0.160370
-0.005938
0.025707
0.045767
0.756409
-0.442240
0.404934
-0.222523
0.070311
-0.031524
0.013167
-0.147943
0.275025
-0.038000
-0.334008
0.042878
-0.140659
0.041708
-0.047035
-0.019802
-0.081813
-0.124060
0.033570
0.051874
-0.035321
-0.038895
-0.036022
64
0.018323
0.075681
0.182684
-0.056436
-0.039412
0.017110
-0.006833
-0.025678
-0.107306
0.364209
-0.151441
0.091604
0.087488
-0.010250
0.018527
0.000981
-0.024149
0.191147
0.039678
-0.117679
0.112793
0.069042
0.023375
0.050842
-0.117285
0.341570
-0.003672
-0.013352
0.098538
-0.063681
-0.038368
0.035808
-0.079724
0.304955
-0.107796
-0.040324
-0.131989
0.155738
-0.004251
0.021555
-1.182766
0.589368
0.296149
1.166118
0.273831
-0.115691
-0.081109
0.080755
-0.034477
0.526355
-0.700935
0.840783
-0.140432
-0.180845
0.030115
0.000494
-0.631645
-0.381487
0.466865
0.664142
0.202488
0.038847
-0.040822
0.009995
64
-0.083678
-0.106399
-0.037595
-0.311438
-0.109338
-0.116286
-0.023291
0.076840
0.331103
-0.103590
0.097929
-0.431517
-0.247274
0.066444
-0.014131
0.073216
0.160965
0.063228
-0.140179
0.004807
0.506334
0.196003
-0.233016
-0.133254
0.247172
-0.636744
0.338977
-0.507508
-0.123568
0.367603
-0.199501
0.042296
0.921097
-0.746054
-0.527050
0.139691
-0.855059
0.252253
0.072692
0.157370
-0.036982
0.286731
0.082403
0.310216
0.223932
-0.299578
0.081301
-0.047369
0.218463
-0.023662
0.255839
-0.124660
0.373231
-0.224426
-0.082036
-0.150551
0.475197
0.037608
-0.127118
-0.563061
0.137951
-0.138993
-0.104971
-0.023267
64
0.290800
0.328320
-0.261825
0.051252
0.019220
0.022263
-0.064721
0.042723
-0.192378
0.680651
0.000359
0.125395
0.091775
-0.044226
-0.009845
0.073585
-0.462316
-0.384161
-0.095968
0.651083
-0.124613
0.031859
-0.015460
0.094718
-0.281287
0.492760
-0.170714
0.824240
0.299090
-0.545421
0.182148
0.100452
0.120967
0.100579
-0.287468
0.773389
0.103951
0.367814
0.004178
0.018563
-0.135391
-0.446133
-0.235025
-0.343174
-0.070678
0.228931
-0.089581
0.015351
0.568404
0.206629
0.199698
0.102397
-0.067784
0.006535
0.052279
-0.024383
0.043412
-0.335718
-0.159764
-0.120574
-0.082250
0.037953
-0.069399
0.016380
64
1.546664
-0.629449
-0.060937
0.153766
0.009073
0.098124
-0.044417
-0.022671
-0.185941
-0.644808
0.345066
0.151624
0.150763
-0.087853
0.054800
0.022193
1.192234
-0.531556
-0.005760
0.818004
-0.067253
-0.295151
-0.012648
-0.038813
-0.591368
-0.979891
0.196341
-0.303506
0.090033
-0.042566
0.141709
0.025945
0.236968
0.458109
-0.084412
0.150236
0.051921
-0.106447
-0.017921
-0.045614
-0.332058
0.022309
0.046642
-0.029135
0.022234
-0.164558
0.071824
-0.014651
-0.536224
0.892081
0.054958
-0.158121
0.239084
0.013589
-0.043345
-0.049825
-0.400786
-0.917740
0.254303
0.356161
0.151038
-0.123864
0.067764
0.063407
64
-0.083171
-0.108864
-0.097834
0.138226
-0.005195
0.025315
-0.011838
-0.033732
-1.255729
-0.272959
-0.076464
0.271430
0.313569
-0.101088
0.147058
-0.113328
-1.176280
1.593675
0.165430
0.277036
0.405160
-0.026382
-0.044905
-0.059885
0.645386
-1.114242
0.314267
-0.721163
-0.130003
0.083631
-0.066667
-0.146461
-1.798580
0.644014
-0.095760
0.066136
-0.263117
-0.041519
0.085292
0.055714
-0.124285
-0.297557
0.268888
0.184062
0.051418
0.100134
0.033862
0.059489
-0.320047
-0.089458
-0.040815
0.192916
0.027790
0.126204
-0.008927
0.018759
-0.292209
-0.089246
0.123921
0.227489
0.112198
0.091299
-0.051139
-0.002212
64
0.027551
-0.314521
-0.013132
-0.267434
-0.003229
-0.061032
-0.079046
0.049993
-0.188255
-0.387898
-0.004992
-0.230339
0.004192
0.026479
0.122543
-0.007459
0.156925
-0.508093
0.129251
0.017288
0.033755
-0.137352
0.046642
0.007123
0.009438
0.019060
-0.167806
0.261879
0.118757
-0.013870
0.168621
-0.053431
0.892067
-0.171723
0.252034
0.400355
0.240507
-0.266918
-0.012911
-0.030936
1.121600
0.758580
-0.246563
-0.893449
0.254969
0.023795
-0.024847
0.004148
-0.361645
0.833835
0.096357
-0.065416
-0.080897
-0.311472
-0.033557
-0.002835
-0.107368
-0.392749
0.572858
0.321251
0.261937
-0.096506
0.092567
0.003511
64
0.088217
-0.031676
0.000580
0.041825
0.037272
0.013085
0.005605
-0.037765
0.037433
-0.120769
0.144569
-0.069817
0.139631
-0.146274
0.010922
-0.027644
0.255473
0.517238
-0.044866
-0.010348
0.103237
-0.066777
-0.064001
-0.013907
0.111313
-0.009746
0.118088
-0.089177
-0.008068
-0.107546
0.061836
0.115208
0.409478
0.700025
0.428428
0.428743
0.188442
-0.214226
-0.033220
-0.102629
-0.445537
0.095094
-0.880098
0.436132
0.068989
-0.441367
0.018440
-0.027524
-0.430867
0.693867
0.015802
0.269271
0.719486
-0.401296
0.047892
-0.088978
-0.428899
0.550540
0.198791
0.477317
0.179974
-0.369716
0.117431
0.129063
64
-0.259948
0.102263
0.188672
-0.090829
-0.045151
-0.048725
-0.092919
-0.013117
0.617213
-0.184733
-0.027125
0.001653
-0.015755
0.138047
0.025705
0.042972
0.256513
-0.207623
-0.200802
-0.061900
0.041114
0.241468
-0.019373
0.041005
0.155845
-0.384097
0.015915
0.553908
-0.131968
0.118227
0.038011
0.044685
-0.564351
0.653532
0.245289
-0.065548
-0.310424
0.182968
0.042625
-0.046737
0.417412
-0.764106
-0.701918
-0.209007
0.485638
0.156497
-0.012631
-0.078443
-1.177562
0.058263
0.263392
1.139580
0.036414
0.040324
-0.087995
0.028407
0.038823
0.416647
0.013168
-0.607661
-0.214472
0.183725
-0.078283
-0.083336
64
0.531140
-0.461645
0.356936
-0.467190
-0.051971
-0.237267
0.015955
-0.041335
1.150237
0.914839
-0.309319
-0.333167
-0.141459
-0.265510
0.009723
-0.036083
0.020666
-0.288525
0.201448
-0.704629
-0.277071
-0.027111
0.089528
-0.053196
-0.067625
0.990255
0.422645
0.406766
-0.113269
-0.154215
-0.034491
0.074894
-0.658421
0.245172
0.027364
0.311645
-0.317812
0.025018
-0.080850
-0.000248
-0.229731
0.230689
-0.099822
-0.150254
-0.174764
0.034200
0.065636
-0.065769
0.093683
0.030740
0.002069
-0.124735
0.112808
-0.019975
-0.069086
0.023477
-0.158864
-0.397695
-0.137809
0.085692
-0.138062
0.004567
-0.010060
-0.046565
64
0.460548
-1.183663
0.005266
-0.419234
-0.540335
-0.197016
0.176574
-0.056442
0.231330
0.610480
-0.021262
0.024556
0.009712
-0.072121
0.069018
0.062719
-0.346504
0.298097
0.433460
0.382693
0.118469
0.022316
0.059543
0.039414
0.401736
-0.383189
-0.096799
-0.540924
-0.351560
-0.139435
0.051760
0.037895
0.822853
-0.069720
0.318409
0.237271
0.173198
-0.172127
-0.063950
-0.012017
-0.031327
0.357130
0.073458
-0.292155
0.131820
-0.007056
0.124221
-0.063048
-0.806906
0.173130
-0.450429
-0.180395
0.260450
-0.053376
-0.009048
-0.021383
-0.241976
-0.277252
-0.213226
0.184437
-0.090380
-0.040237
0.047592
-0.027903
64
-0.247070
0.250824
-0.026545
-0.538194
-0.196408
0.295285
-0.064312
0.147036
-0.591510
0.395815
0.219784
0.798828
0.350786
-0.295791
0.206612
0.029017
-0.446659
-0.496478
-0.908863
-0.301634
-0.351453
0.141627
0.104034
0.130697
-0.337093
0.550258
-0.065378
0.359441
-0.057628
0.101412
-0.036433
0.031363
0.625923
-0.421425
-0.314168
-0.518286
-0.211760
-0.030180
0.219498
0.024851
0.056345
-0.366323
-0.167649
0.026781
-0.159047
0.163566
-0.123333
-0.109699
0.461265
-0.731237
0.270971
-0.132999
-0.191044
0.238580
0.094032
0.039466
0.198566
0.696470
-0.032789
-0.152566
0.131030
0.047693
-0.009910
-0.056004
64
-1.269006
0.667849
-0.440290
0.297044
0.009398
0.118787
-0.016438
0.073335
-0.708822
0.008763
0.340760
0.006511
-0.087308
-0.147790
0.009092
0.032744
-0.579578
0.195090
0.037213
-0.057110
-0.055160
-0.053929
0.020769
-0.004334
-0.227151
0.458033
0.038753
0.179674
-0.016362
-0.267675
-0.021764
0.014354
-0.915727
0.049283
-0.176325
-0.351450
0.086223
0.003194
0.062389
-0.030259
-0.677983
-0.025513
0.012468
0.190539
-0.031316
-0.033446
0.000740
-0.032315
-0.847701
0.446074
-0.096431
0.001873
0.075679
-0.017946
-0.031540
-0.021568
-0.666364
-0.794764
0.449262
0.168945
0.140482
-0.090984
-0.007244
0.055358
64
-0.158208
-0.027640
0.104625
-0.185936
0.014166
0.091495
0.022877
0.006078
0.056527
-0.124421
0.099413
-0.277903
-0.015286
0.016353
0.001550
0.049058
0.348023
0.186838
0.018141
-0.079356
0.126649
0.162605
-0.127900
-0.052063
-0.204202
0.173979
-0.077406
-0.079905
0.046042
0.040316
-0.013008
0.021501
-0.264093
-0.189502
0.251101
0.097180
0.005760
-0.064715
-0.017876
-0.023117
0.700935
0.109420
0.457874
-0.502086
-0.308780
0.157085
-0.064741
-0.012382
1.343567
0.174759
1.012599
0.355327
0.522424
-0.116226
-0.063216
0.008470
-0.120227
0.927625
0.796814
-0.327327
-0.132492
0.392639
-0.064864
-0.157053
64
0.207399
-0.035790
0.354752
0.063016
-0.056086
-0.051589
0.019043
-0.059489
-0.594399
0.209479
-0.123279
0.341184
0.206299
-0.103229
0.062198
0.094673
-1.196168
1.050234
0.191507
-0.020566
0.345275
-0.248507
-0.053423
-0.020135
0.688723
-0.310998
-0.120457
-0.673059
-0.238351
-0.239702
0.027361
0.040550
0.347798
-0.399804
0.749016
0.104472
0.107221
-0.023120
-0.008062
-0.042313
0.297755
-0.404092
0.073139
-0.635606
-0.006474
0.090453
-0.044407
-0.066253
0.535372
-0.347107
-0.054088
0.364142
0.096808
-0.293887
0.025065
0.024600
0.325718
0.021374
-0.322951
-0.155628
0.067944
-0.197444
-0.023427
-0.004575
64
0.388532
0.684589
0.542144
-0.252292
-0.186204
0.092037
0.049946
-0.029203
0.043034
-0.052107
-0.430424
0.414780
0.029721
-0.152496
-0.054438
0.076664
0.584295
0.142684
-0.064274
-0.624038
-0.184658
-0.254189
0.046326
-0.087175
0.788021
1.674187
-0.843700
-0.105665
-0.105484
-0.297357
-0.025787
-0.041058
1.231065
-0.218969
0.514942
0.847800
0.066984
-0.042258
0.052971
0.049936
0.061958
-0.438353
0.025114
-0.020582
0.013174
-0.147661
0.105738
0.002372
-0.018051
-0.190280
0.173110
-0.138904
0.048113
-0.042200
-0.066298
0.013969
-0.007625
-0.180227
-0.028329
-0.135221
-0.090926
0.033463
-0.041574
-0.010206
64
0.157556
0.090719
0.019292
0.368352
0.015400
0.029987
-0.051551
-0.014868
0.119864
0.189691
0.013893
-0.208763
-0.096158
0.013088
-0.004168
-0.017685
0.122649
0.412671
0.237270
0.286403
0.091254
0.041970
0.033432
0.026466
0.287357
-0.449976
0.064048
-0.589476
-0.318961
0.119348
-0.144851
0.010158
1.072205
-0.643867
0.331971
-0.141981
-0.162833
-0.088670
-0.003124
-0.017169
-0.583684
-1.690530
0.499808
-0.333014
0.000222
-0.148219
0.026265
-0.006619
-1.384987
-0.275607
-0.462827
-0.719474
0.007077
0.146747
-0.008261
0.007037
0.052559
0.882003
0.100210
0.184181
-0.121518
-0.097902
-0.034991
0.028624
64
-0.069178
-0.173829
-0.173821
-0.118228
0.025891
-0.047731
-0.012389
0.040436
-0.129452
0.156546
0.202813
-0.201358
0.048656
-0.046523
-0.054751
0.025508
-0.233777
-0.612573
-0.300786
0.040287
-0.096650
0.130739
-0.045616
-0.005565
-0.034763
-0.050993
-0.141452
0.180227
0.073410
-0.084000
-0.101365
0.039456
-0.671150
0.508844
0.170496
-0.460731
0.052320
0.079974
-0.003745
-0.089606
-0.549750
-0.645560
0.258374
0.244878
0.336564
-0.144387
-0.014619
0.028107
-0.026150
0.182189
-0.567899
0.259597
-0.098959
0.582323
0.089632
-0.077026
0.063809
-0.781961
-0.477573
0.037832
0.547628
-0.059388
-0.084068
-0.069189
64
-0.193293
-0.560302
-0.380333
0.327041
0.094988
0.140494
0.016738
-0.041603
0.540505
-0.565815
0.413320
-0.473726
-0.237036
0.199302
-0.009800
-0.040793
0.960451
-0.687066
0.447920
-0.215863
0.061416
-0.254436
-0.056336
-0.117844
0.031877
-1.007617
-0.115322
0.068864
0.205348
0.094101
-0.013036
0.069202
1.026214
0.095542
0.398132
-0.206693
-0.007007
0.377579
-0.020548
-0.191893
0.072187
0.343524
-0.213543
-0.056466
-0.136249
-0.068383
-0.003443
-0.053533
0.271116
0.008209
-0.126303
-0.193600
-0.060712
-0.058379
0.016808
0.042439
-0.043966
0.139409
-0.026842
-0.032498
-0.004458
-0.067450
-0.005721
-0.029261
64
0.151793
0.292776
0.121107
-0.133047
-0.100756
0.020037
-0.023205
-0.017412
0.225881
-0.159610
0.075287
0.042194
0.136225
-0.001104
0.016995
0.058277
0.244369
-0.297202
0.194240
-0.017653
-0.020810
0.211738
-0.089418
-0.065918
0.009247
0.179468
0.418469
-0.212387
0.016655
0.173819
-0.050166
0.096383
-0.101362
-0.299561
0.172041
0.640124
0.019347
-0.131611
-0.141118
-0.102791
-0.895666
0.164647
-0.902598
0.275007
0.498638
-0.070756
0.010855
-0.021441
-0.066832
0.012239
-0.851303
-0.320636
-0.906189
0.021082
0.047970
0.038264
0.021683
0.253507
0.091997
-0.193369
0.335437
0.000082
0.118282
-0.005475
64
0.027717
-0.025218
-0.003798
-0.026451
-0.012458
-0.003097
0.002777
-0.004826
-0.020778
0.001471
0.000445
0.001701
-0.001719
-0.026329
-0.018040
0.013575
0.030759
0.005568
0.016160
0.004181
-0.027959
0.015993
-0.018246
-0.014484
-0.004179
-0.032429
-0.000809
-0.007989
-0.019895
0.010337
-0.012503
0.010523
0.005740
-0.029893
0.004641
-0.036175
-0.018369
0.007941
0.005832
0.012972
0.006043
-0.037539
0.008904
-0.052898
-0.008461
0.029749
-0.011772
-0.017580
0.036575
-0.021413
-0.027517
0.006041
-0.027736
0.012137
0.014745
-0.036794
-0.006580
0.006730
-0.015438
0.006650
-0.008718
0.031114
-0.008040
-0.027369
64
0.131488
-0.204481
0.048070
-0.171187
-0.046613
0.102706
-0.033258
-0.033210
0.014632
-0.138767
0.126181
-0.085791
0.021085
0.253745
0.042163
0.024110
0.385661
-0.395918
0.233598
0.046587
0.060610
-0.107055
0.083442
-0.067490
0.017863
0.026819
0.130969
-0.313109
-0.144395
0.096947
-0.108622
-0.019664
-0.509117
0.080439
-0.013764
0.034834
0.155057
-0.055500
-0.090157
-0.073121
0.376168
0.230916
-0.338133
0.415736
0.310934
-0.577857
0.194912
-0.110141
0.619361
-0.354996
-0.707357
-0.071872
-0.641123
-0.187429
-0.038756
0.080172
0.394522
0.225484
-0.422382
-0.509006
0.504767
0.219959
0.083887
0.026785
64
0.155556
0.142079
0.151776
-0.026932
-0.047789
0.020202
0.020136
0.013701
0.010439
0.275085
-0.313928
0.199882
0.014849
0.039848
0.030206
-0.018337
-0.139869
-0.039321
-0.203622
-0.055117
0.111426
0.012476
0.009352
0.004584
-0.801024
0.429817
-0.394961
0.058287
0.081969
-0.227790
0.010279
-0.045362
-0.376601
-0.312256
-0.191172
-0.214633
-0.265942
-0.025112
0.001807
0.040915
-1.074922
-0.707228
0.497405
0.631526
0.364175
0.126705
0.054470
-0.000961
-1.457132
1.437351
0.319045
0.632738
0.198787
0.061729
-0.219198
-0.062778
0.427725
-1.200546
0.024563
-0.553590
-0.292285
0.124229
-0.072012
-0.004858
64
-0.182357
-0.792512
-0.769043
0.015575
0.227139
0.060934
0.065711
0.100739
-0.497705
0.487844
0.113872
0.393916
-0.068633
-0.020203
-0.018466
-0.029241
-0.414023
0.033558
-0.516406
-0.363605
0.087595
-0.080591
-0.043109
-0.034275
-0.194732
0.167287
0.168467
0.263981
0.255180
-0.155053
-0.017442
0.013326
0.434085
-0.130333
0.181446
0.288316
0.096569
0.276280
-0.100703
-0.000065
-0.217747
-1.431914
-0.599908
-0.183460
0.058468
0.078896
0.094633
0.078683
-0.448606
0.399868
0.559367
1.026780
-0.493443
-0.012069
0.040637
-0.013458
0.333846
-0.227368
0.242225
-0.392047
-0.042357
0.071550
-0.077432
-0.055971
64
0.220647
0.034738
0.137890
-0.358033
0.111110
0.089066
-0.003112
0.038911
0.721772
-0.659063
0.035072
0.060131
0.206224
-0.130513
0.074080
-0.044495
-0.097189
0.603678
0.656835
-0.305637
0.091988
0.061888
-0.029115
-0.063334
0.064932
-0.341918
0.067806
-0.831851
-0.352082
0.250353
-0.080897
-0.041868
-1.158048
-0.029434
-0.345649
-0.258032
-0.100211
-0.139993
0.037771
-0.030272
0.565091
1.236438
0.012938
0.150506
-0.008855
-0.183680
0.047993
0.008204
-0.276924
-0.654359
-0.376497
0.566186
-0.160689
-0.339353
-0.013677
-0.027372
0.269854
-0.210857
0.034530
0.208668
-0.001755
-0.082753
0.016381
0.024941
64
-0.078815
-0.350272
-0.278746
0.017149
-0.006177
-0.024269
-0.036195
0.017763
-0.038080
0.405718
-0.156874
-0.168651
-0.234012
0.087244
0.052705
0.003318
-0.276056
-0.345193
-0.214444
-0.108148
0.214203
0.082455
0.026577
-0.002264
-0.465451
-0.163401
-0.225766
0.256196
-0.037382
0.170543
0.001487
-0.032486
-0.150172
0.361380
0.102081
0.212644
-0.124420
0.043067
-0.057028
0.088009
-0.085641
0.598304
0.786056
0.708217
0.367183
-0.659164
0.124866
-0.064706
0.449197
-0.068673
0.218115
-1.731940
-0.117217
-0.252214
0.004935
-0.017900
0.572543
0.207044
-0.267335
-0.583793
-0.029477
-0.040790
0.013912
0.002289
72
0.680243
-0.977385
-0.172158
0.072512
0.189569
-0.065541
1.533982
2.558250
-0.445863
-1.511734
1.003506
-1.352815
-1.174722
1.110469
1.449960
0.822530
-0.074439
1.446715
0.688076
-0.142088
-0.064114
-0.011588
-0.846440
1.008727
0.684402
1.679151
0.978471
1.029844
0.125398
-1.361374
-3.348894
1.086994
-0.163098
-0.410422
0.141499
-0.218906
2.529640
-1.841925
-0.062651
-0.504424
-2.208508
-0.604062
0.528989
-0.097358
0.410888
-0.024703
0.807629
-0.443179
-1.838328
0.205795
-2.905001
2.832483
-0.934646
1.328493
1.460115
0.674137
0.160232
-0.666195
-1.388913
0.993315
-1.362644
0.435520
-0.512045
-1.405171
-1.651461
-1.125827
0.233279
-0.644330
0.902159
2.338465
-0.786762
-1.858447
1
72
-1.691600
2.088813
1.921170
2.425194
-1.664503
0.767175
-2.518108
2.572663
-1.760292
2.435855
-2.422588
-1.951606
1.833570
-1.286602
2.572521
-1.855768
2.222061
2.624408
1.811744
-1.726274
-2.082151
0.225870
-2.275252
-1.977204
-1.610035
-2.647634
1.927684
-1.947364
-2.394464
2.573733
3.051617
-1.970660
1.830823
1.884241
1.841199
-1.648592
2.708452
-2.262366
2.774945
1.730901
2.696639
2.440249
1.882938
2.749901
2.062817
1.838031
-2.449758
-2.454253
-1.753113
2.066217
-2.462341
2.609280
2.098335
-2.531512
-2.077562
-1.728653
-1.559311
-1.868383
-2.496252
-2.047908
2.013234
-2.642100
-2.316638
1.896751
2.350613
1.967475
0.224433
-1.580759
2.646293
-2.222381
2.290095
2.450616
1
0.598036
