1
24
24
1.027251
-1.454241
0.709809
1.183723
0.110082
-0.334780
-0.037961
-0.034001
-0.023104
0.034196
0.011081
-0.030071
-0.129120
-0.181612
0.044494
-0.265091
-0.024444
0.064545
-1.016799
1.615449
-0.559435
-0.620442
-0.109958
0.036137
24
-3.554450
-0.746777
-0.515898
0.108690
0.378229
0.148226
0.822051
0.368205
-0.362271
0.121108
-0.071996
-0.079416
0.122231
0.066720
0.324866
-0.187590
-0.026657
0.020392
0.007771
-0.026116
0.121195
0.068295
0.067394
-0.089717
24
-2.695844
-4.432471
1.399721
-2.793083
0.260770
0.189552
-0.419658
0.236760
0.269135
0.167696
0.040411
-0.058846
-0.359174
0.082220
-0.021547
-0.018366
0.047861
0.040941
-0.362303
0.017895
-0.113819
-0.117856
-0.005013
0.022353
24
-0.456017
-0.137244
-0.178955
0.297504
0.282823
-0.125152
-1.633739
2.200704
0.730333
1.178699
-0.090996
-0.237816
-1.403013
1.932690
0.519909
1.123801
0.016137
-0.258465
-0.165818
0.202493
-0.040720
0.022457
0.075574
-0.035524
24
0.315177
2.316714
-0.208128
0.949021
0.188414
-0.352308
0.757463
2.136730
-0.263600
1.271882
0.088746
-0.264518
0.733134
0.664573
-0.099662
0.497008
0.019557
-0.113587
0.149639
0.051334
-0.007921
0.077694
-0.029114
0.003162
24
0.099679
0.216366
0.242942
0.121245
0.034338
0.016445
0.953167
0.752111
-0.087150
0.367256
0.070978
0.026716
1.177147
-0.959374
0.822946
1.182030
0.227119
-0.512662
-0.503500
-0.488593
0.135202
-0.607093
0.064366
0.109596
24
-0.474553
0.886850
0.396781
0.527792
0.279105
-0.080908
3.239323
-0.065917
1.380323
0.219565
0.356512
0.119940
-0.343087
-1.121483
0.154718
-0.468776
0.257036
0.294993
-0.169917
-0.027340
0.157410
-0.172134
0.024105
0.168011
24
0.741410
-0.243780
0.233407
0.121974
-0.079371
0.149343
1.260832
-2.045071
-1.183182
-1.155235
-0.624975
0.610000
0.440843
-0.692521
-0.207883
-0.660134
-0.204501
0.245715
-3.245906
-0.012644
2.110988
-0.443079
0.849006
-0.286448
24
-0.184984
-0.103500
-0.196798
-0.194734
-0.021668
-0.032547
-0.834390
-0.498663
0.009400
-0.313068
-0.110900
-0.135928
-1.603442
1.707438
-0.799412
-1.291112
-0.179484
0.443610
1.046486
1.189357
-0.512173
1.352974
-0.187597
-0.210399
24
-0.822319
1.057383
-0.796572
-0.419932
-0.392147
0.227892
2.468515
-2.706394
1.017480
1.405230
-0.017493
-0.862663
0.971126
-0.329327
0.214670
0.081830
-0.004762
-0.125503
1.926107
2.271364
1.259412
-1.962580
0.335646
0.786514
24
0.113120
0.676325
-0.134260
-0.204829
0.162776
-0.077242
0.835695
-0.231302
-0.172059
-0.043113
-0.086756
-0.016077
1.495466
1.894992
0.606095
-1.011068
0.073140
0.240766
-0.742057
2.232604
0.711595
1.583201
0.378449
-0.253151
24
-0.571596
0.961646
-0.398079
-0.447325
-0.269153
0.366517
1.818182
-1.007219
1.061835
0.749601
0.112348
-0.351527
-2.543986
0.234429
-1.749454
-0.166401
-0.851189
0.221852
-3.733562
0.690834
-2.665548
-0.375308
-0.833091
0.219316
24
-0.886805
0.968941
-0.546552
-1.045608
-0.049299
0.173721
-0.195566
0.191779
0.003903
-0.181267
-0.041216
0.041136
0.134673
-0.187865
0.391065
-0.145926
0.031017
-0.046959
-1.000374
1.801411
-0.678353
-1.073000
0.002782
0.084265
24
0.223414
-0.663647
0.351657
0.281980
0.064989
-0.009304
0.317984
0.306557
-0.334364
0.260028
-0.073351
-0.118148
-0.070452
0.310554
-0.026014
0.456068
-0.002160
-0.175081
0.216459
0.206179
0.058764
0.126310
-0.038437
-0.039880
24
0.899109
0.274679
0.190432
0.456839
0.300958
-0.023235
-0.957865
0.648889
-1.453680
-0.278402
-0.687559
-0.053423
2.566300
-0.741110
1.730844
0.656481
0.699562
-0.282456
1.514211
-0.364562
0.429679
0.801825
0.141706
-0.172724
24
-0.038346
1.392757
-0.403618
0.956225
0.363317
-0.061514
0.310798
1.222314
-0.358868
0.893751
0.280914
-0.174901
1.652779
1.261835
-0.691163
0.680358
0.013143
-0.203402
0.129806
0.183142
-0.052211
-0.064848
-0.130303
0.025753
24
0.288069
0.715374
0.120561
-0.135519
0.276191
0.018167
-0.425558
0.517673
-0.514838
-1.027489
-0.506474
0.085553
-3.115687
-0.079813
-2.694690
-0.104397
-0.411835
-0.120940
2.312879
2.888880
1.945549
-2.062690
0.249780
0.562315
24
-1.862612
-0.400324
-0.882684
0.709451
-0.280019
-0.126689
-0.701019
0.477835
0.311004
0.314400
0.120935
-0.060672
-0.306908
0.517071
0.007109
0.494197
0.014032
-0.154745
0.187170
-0.005370
-0.053173
-0.082194
0.019011
0.044356
24
1.231259
0.013376
-0.290600
0.157601
-0.324424
0.101627
0.097094
-0.976422
-0.320809
-0.613453
0.070808
0.145549
0.569795
-1.129864
-0.365687
-0.453282
-0.019382
0.134651
0.263714
-0.200583
-0.184858
-0.085631
-0.082912
0.030975
24
2.903372
-0.369753
-2.752505
0.186587
-0.637377
-0.003689
-1.779827
1.740499
1.193171
0.702515
0.029692
-0.451055
-1.343141
2.035057
0.835925
1.160352
0.113835
-0.394208
-0.237970
0.287875
0.154648
-0.008968
0.023541
-0.010464
24
1.296349
-0.367042
0.688684
0.965076
0.420877
-0.173866
1.556882
1.082869
0.416277
-0.308168
0.346767
0.153992
2.209060
2.352734
-0.572420
2.080911
-1.210460
-0.319008
1.384923
-2.573562
0.995184
2.570065
0.440204
-1.284292
24
-2.283608
-3.057231
-0.138822
0.247573
0.147479
0.375593
-0.518224
-0.196514
0.359971
-0.126950
0.147822
0.158040
0.731781
0.060375
-0.866664
-0.111197
-0.013823
0.086299
-0.462777
-0.052568
0.010929
0.020105
0.054675
0.066066
24
-0.306425
2.176605
0.200345
-0.806314
-0.206935
0.247167
2.187968
1.381508
-0.383948
0.070319
0.080429
0.255044
1.956215
0.135622
0.696268
0.218337
-0.087422
0.137167
3.000520
-2.757676
-1.282572
-2.383407
-0.523238
0.757094
24
-1.378097
1.639483
-0.810899
-1.728514
-0.428353
0.475983
0.431829
0.264944
-0.193024
-0.014014
-0.216037
0.000737
0.810805
1.026486
-0.423016
0.798490
-0.062086
-0.406187
0.316475
-0.253482
0.494761
0.581347
0.183082
-0.107422
24
-2.041846
2.896628
-4.290781
-4.477163
5.507928
-0.080159
-0.507392
1.726936
-0.556583
-0.092136
0.581550
-1.802443
1.414405
-1.534758
-0.213476
2.977988
-1.755331
-0.324517
2.061487
-3.720331
2.102006
-0.050054
4.525468
1.334565
1
24
5.476673
3.366246
-5.953702
-6.939335
8.916386
3.758169
-1.802866
-0.971357
2.685245
0.905549
-1.149649
1.164456
-4.329592
-8.419379
1.066292
-2.367748
0.944271
-4.947217
-5.364192
1.721334
0.728666
2.312546
0.974596
2.407290
1
1.435571
