1
24
36
-0.828438
0.252837
-0.397720
-0.846388
-0.083541
-0.160748
-0.139883
0.066120
-0.159123
0.468814
-0.069180
-0.035195
0.094015
0.089890
0.164626
-0.023007
0.019414
0.011052
-1.494021
0.091902
-1.338572
0.194481
-0.208731
-0.095381
0.368851
-0.484136
0.361541
-0.110475
0.018861
0.174995
0.619025
-1.163660
-0.662777
-0.672120
-0.045520
0.072336
36
0.219397
0.100133
0.128177
0.125056
0.052782
-0.073166
-0.058409
-0.068231
0.060739
0.113763
0.138855
0.044072
0.393961
0.168412
-0.324216
-0.163509
-0.072339
0.083095
0.641142
0.122881
-0.085225
-0.083954
-0.115659
0.007950
0.010007
0.875380
-0.132826
0.451179
-0.063402
-0.143249
0.040478
0.229450
-0.111086
0.085436
-0.008733
-0.050212
36
0.223225
0.062335
0.127957
0.161380
0.032305
-0.047466
-0.123941
-0.256602
-0.482839
-0.028594
0.105777
0.003414
-0.210029
0.297965
0.306825
0.125367
0.052180
0.048120
0.577160
-0.186586
-0.107435
0.029521
-0.093971
0.074388
0.300824
-0.742465
-0.220021
-0.431782
-0.022350
0.146816
0.131109
-0.170768
0.026189
-0.176128
-0.006225
0.142231
36
-0.325644
-0.275571
-0.012894
-0.429177
-0.101176
0.134121
0.158357
0.179041
0.257586
0.229012
-0.298749
-0.075791
-0.260027
-0.988276
0.096485
-0.051670
-0.088259
-0.324583
-1.819872
0.062208
-0.432583
-0.017645
-0.017815
-0.106142
-0.219762
-0.098946
0.288959
-0.031660
0.236881
0.009117
-0.874805
-1.670668
-0.551377
1.194862
-0.022746
-0.313594
36
1.163230
-0.577081
0.818770
0.620579
0.246607
-0.104586
-0.023992
0.285112
-0.221975
-0.407558
0.254918
-0.007899
0.111296
0.123281
-0.076722
0.074149
-0.195946
0.042874
-1.006965
0.145900
-0.699774
0.242464
-0.337371
-0.034974
-3.321489
-0.036315
-2.707442
0.028831
-0.444933
0.072166
2.623112
-0.115850
2.294348
-0.150737
0.596609
0.052469
36
0.444547
-0.699252
-0.809496
-0.453103
-0.173571
0.328293
-1.436074
1.393476
0.065403
3.414772
-0.976057
-0.072778
1.003227
-0.097103
-0.130968
-0.416383
-0.214997
0.198518
0.733439
-0.173550
-0.220707
-0.049498
-0.126144
0.039343
0.189309
-0.100367
0.141625
-0.000179
-0.027188
0.024037
0.354698
-0.031690
-0.045334
-0.048350
0.005807
0.045050
36
-0.515294
-0.177747
-0.127241
-0.468753
-0.089886
0.042135
0.132091
0.133613
0.197106
0.053856
-0.187501
-0.057602
-0.200743
-0.768814
-0.005862
0.004565
-0.083874
-0.195386
-1.520068
0.034024
-0.284147
-0.048286
-0.024219
-0.091277
-0.225683
-0.216386
0.077906
-0.107585
0.136784
-0.027129
0.892352
0.920891
0.701316
-0.586115
0.131736
0.057116
36
-0.097140
-0.726438
-0.514390
-0.912672
-0.149392
0.249811
1.634864
-0.080535
0.439110
-0.659459
-0.077588
0.222185
-0.257699
-0.220940
-0.216159
0.127831
0.057299
-0.112404
-0.606756
0.083707
0.061263
0.053587
0.056710
0.000042
-0.543282
0.016215
0.095084
-0.037620
0.048904
-0.030220
-0.187030
-0.001641
-0.054738
-0.027620
0.018115
-0.048407
36
-0.184279
0.686831
0.404308
0.199112
0.169039
-0.035036
-0.362106
-0.380460
-0.340381
0.511166
0.294349
-0.258156
1.190823
2.030265
-0.276714
0.899497
-0.026012
-0.181543
0.556167
0.165247
0.118347
0.038233
0.079911
0.090768
0.931177
0.062573
0.188874
0.035475
-0.043280
-0.032112
0.113064
0.056514
-0.299978
-0.020838
-0.038701
0.029863
36
0.353518
0.431986
-0.194261
0.181017
-0.072259
0.263111
0.563909
0.284979
0.982159
-0.712163
-0.124137
-0.097316
0.828222
-0.901531
-0.460498
0.230267
-0.069372
-0.032278
-0.418589
-1.338218
-0.262125
-0.335706
0.048225
-0.207810
-1.518671
-0.212705
0.517323
0.056390
0.205069
-0.055489
-0.627802
-0.030440
-0.074200
0.165399
0.008418
-0.075191
36
0.039813
0.182485
0.544355
-0.049833
0.238806
-0.175255
-0.306172
-0.299513
-0.664505
0.248157
0.139630
0.085482
-4.222609
0.486219
3.113723
0.541114
0.297497
0.331615
1.641187
3.004623
-1.119602
1.462678
0.194622
-0.205478
2.358007
3.299397
-1.202848
1.912261
0.039872
-0.326911
0.374442
0.298281
-0.055097
0.124529
-0.006599
-0.106851
36
2.048005
4.505454
-1.012533
1.389466
0.110523
0.556133
0.053740
0.217498
0.120867
-1.106815
0.322940
0.018072
-1.266618
1.167658
0.751081
1.644715
0.480215
-0.317637
-0.419054
-0.035236
-0.012929
0.097305
0.345035
-0.023178
2.546472
-0.052623
-2.103893
0.068535
-0.487431
-0.094576
0.581489
-0.038955
0.653498
-0.056655
0.220417
0.043220
36
-2.036358
-3.482316
0.526115
-0.303470
0.147827
-0.550583
0.024967
-2.387815
-0.785924
-0.676929
0.100977
-0.168462
0.167915
-0.858550
-0.120603
-0.523244
-0.105127
0.237565
0.120013
-0.274840
-0.298843
-0.136629
-0.094680
0.045181
-0.304075
0.000148
0.085524
-0.035898
-0.022364
0.023614
-0.012170
0.028778
-0.073397
-0.003010
0.021282
-0.035214
36
-0.731454
1.161632
-0.672243
0.045168
-0.122209
-0.274722
0.154933
-0.127470
-0.141944
-1.076791
0.392884
0.008116
-2.046276
-0.178985
-1.637914
-0.115272
-0.889173
-0.084414
2.479560
3.157667
-0.260937
2.273491
0.569138
-0.166651
-0.096532
0.202423
-0.074999
-0.171683
0.037695
0.218844
-0.090008
-0.093105
-0.002595
0.119923
-0.007287
-0.047550
36
-1.916119
1.088389
-0.960361
-0.857972
-0.357172
-0.002452
0.062285
-0.336737
0.212306
0.415777
-0.150316
0.097573
-0.225834
-0.161132
0.245658
-0.183289
0.085803
-0.194267
-1.221829
-0.146011
-0.736791
-0.166948
-0.399002
0.012955
-2.506371
0.166911
-1.526406
-0.009804
-0.548307
-0.168083
-3.096309
0.220964
-2.295617
0.188530
-0.240642
-0.079038
36
-0.815113
1.216957
-0.700404
-0.114524
-0.106625
-0.237550
0.152706
0.018230
-0.095260
-0.740677
0.333708
0.038538
-1.972949
0.162708
-1.556903
0.075197
-0.663348
-0.248573
3.459142
3.859476
-0.996852
2.755499
0.150155
-0.308892
0.238109
0.150082
0.105481
-0.038336
-0.016951
0.098600
0.132023
-0.036641
-0.036457
-0.035332
-0.017000
0.041341
36
2.268165
0.670577
0.056102
0.778503
-0.196880
0.175688
-0.296366
0.787999
-0.168897
-0.696418
-0.084536
0.077717
0.535690
0.541191
-0.355153
-0.000903
-0.159496
0.011807
0.482719
0.087754
-0.124767
0.071750
-0.130200
-0.064212
0.395995
-0.023691
0.032174
-0.038532
0.100572
0.034226
0.221658
-0.012852
0.002827
-0.017720
0.003635
-0.020001
36
-0.419021
0.005091
-0.445632
-0.375075
-0.191950
0.107215
0.141477
-0.165922
-0.003372
-0.436329
-0.216197
0.057629
-1.434298
-2.132682
0.735615
-1.202839
0.123703
0.226510
-0.765714
0.241105
0.067702
0.157182
-0.056012
-0.006936
-0.418607
0.070244
-0.315353
0.040150
-0.064668
-0.021580
-1.017485
-0.019860
-0.402351
-0.049108
0.001694
0.025314
36
-0.496619
0.107196
-0.694762
-0.466013
-0.262001
0.076390
0.160477
0.010116
-0.044925
-0.232903
-0.341907
0.093247
-1.579499
-2.773015
0.911104
-1.672197
0.125122
0.513620
-0.564909
0.117293
0.011943
0.123331
-0.056993
-0.008412
-0.724831
0.016675
-0.121820
-0.012515
-0.084627
0.042432
-2.284149
-0.071197
-1.357481
-0.023859
-0.342052
0.036370
36
0.922757
-0.278996
0.250331
0.757641
0.028328
0.131842
0.132318
-0.004541
0.137135
-0.582280
0.111911
0.043617
-0.247051
0.006841
-0.117190
0.095610
0.033328
-0.068966
1.164960
-0.302014
1.009189
-0.103307
0.341874
0.041693
-0.934787
0.177004
-0.495089
0.148813
-0.035499
-0.127769
-0.048034
-0.302687
0.055086
-0.199562
0.075839
-0.061078
36
-2.005897
1.082484
-1.110679
-0.764505
-0.429556
0.179884
0.163202
-0.526345
0.509117
0.324032
-0.155342
0.214796
-0.407842
-0.338220
0.290943
-0.195433
0.125174
-0.235975
-1.495392
-0.212363
-0.694547
-0.400809
-0.366439
-0.044251
-2.751870
0.268959
-1.394804
-0.024402
-0.635217
-0.284155
-2.996004
0.482137
-1.467834
0.396579
0.453358
-0.074888
36
0.291611
0.086785
-0.325157
0.287281
-0.161273
0.191157
0.307452
-0.168669
0.622030
-0.652867
-0.223030
-0.004623
0.209277
-1.159299
0.102540
-0.159175
-0.109766
0.028958
-0.138317
-1.906545
-0.705981
-0.884104
-0.047791
-0.114513
-1.233669
-0.075820
0.214764
-0.079668
0.129249
0.009361
-0.502624
0.042224
0.021486
0.193766
0.023551
-0.078116
36
1.186255
-0.306413
0.345197
1.017868
0.057299
0.098951
0.191909
-0.034868
0.172947
-0.708122
0.135077
0.014580
-0.278351
-0.026452
-0.185064
0.041633
-0.016848
-0.031840
1.711304
-0.204150
1.354118
-0.073646
0.309210
-0.041150
-0.982367
-0.025133
-0.451965
0.113032
-0.045461
-0.006429
1.116915
-1.884557
-0.596676
-1.264862
-0.119936
0.253871
36
0.046960
0.679847
0.054855
0.039758
0.083266
-0.132989
-0.389609
-0.196367
0.733217
0.892825
0.121075
0.268546
4.136884
3.314150
-0.418456
2.147462
-0.117832
-0.158488
1.830895
-3.019670
-0.718902
-1.688191
0.115089
0.215565
1.721646
-2.139392
-0.682447
-1.283049
0.017743
0.258188
0.101169
-0.161962
-0.086083
-0.112821
-0.044661
0.075517
24
-1.450720
0.009313
-0.370872
-0.542453
-2.793902
3.158538
0.380810
-2.183132
3.748656
-2.454546
10.890845
1.108900
-0.748802
3.595349
-1.312111
3.644790
-0.395038
-1.703448
-2.252845
0.438667
-1.015530
-2.492299
0.286462
11.396263
1
24
-3.215317
-8.045305
-8.112372
-2.730940
1.415307
2.511179
-4.083326
2.904217
4.839664
-2.650704
4.214252
1.169299
3.107032
-3.440352
3.242418
3.770697
3.482439
6.250923
-3.902179
-5.650067
-2.137600
3.888702
3.356918
6.761320
1
-5.567512
