1
24
18
-1.854186
0.143116
-0.891272
0.072762
-0.486021
0.108828
1.838391
1.943560
-0.962744
1.441795
0.008959
-0.247717
-2.604437
-0.183153
-1.550468
0.260687
-0.321181
-0.007555
18
0.621493
1.158587
0.833875
0.982079
0.838784
-0.200087
-1.475868
-2.737452
0.473555
-0.206509
0.681132
0.712722
0.642115
-0.766233
-0.246865
0.806691
1.029295
-0.149018
18
0.370753
1.898051
1.153759
-0.688040
-0.119551
0.428781
0.475655
-1.041018
1.402430
-1.929876
0.291637
0.021963
-0.225175
0.606713
0.850602
0.902810
-0.062788
-0.288496
18
-0.256954
2.986465
-0.033788
0.492030
-0.083213
-0.853088
0.606324
1.321098
1.063754
-1.095775
0.006593
-0.096977
1.933587
0.765098
0.841205
0.631311
0.396884
-0.103773
18
0.701877
1.019190
0.165109
-1.012255
-0.022621
0.374422
0.816972
-1.427839
-0.414193
-0.912392
-0.291155
0.120017
-0.383152
-0.465167
0.156479
-0.568863
-0.109207
0.153867
18
2.249422
0.299895
-0.958702
-1.445329
-0.422913
-0.441841
-0.930298
0.451514
-1.440988
-0.541873
0.842429
-0.608644
-0.203527
1.308328
0.355540
0.500090
0.251788
-0.279365
18
1.490131
-0.864383
1.791416
0.221915
0.498304
0.110174
-0.439793
0.079084
-0.369403
-0.442127
-0.408815
0.122825
0.278885
-0.157336
0.627700
-0.111535
-0.211279
-0.005035
18
0.648095
2.904083
1.306709
-0.272609
-0.036936
0.248765
0.122786
2.301376
0.748660
0.251553
0.483114
-0.494740
0.651551
0.831257
0.820218
0.833642
-0.192948
-0.307429
18
0.832361
0.835211
0.909330
-0.439695
-0.029538
0.267902
-1.405166
1.282481
-0.258165
0.913861
-0.567805
-0.417452
1.526110
2.027233
-0.342951
0.987281
-0.308374
-0.251285
18
0.721438
-2.620582
-0.898599
-0.461342
-0.389309
0.359573
2.243757
0.263638
0.604947
-0.253737
0.262325
0.097247
0.249603
0.276952
0.078871
0.350487
-0.013018
0.002510
18
1.239956
1.492682
1.668762
0.250177
0.617737
0.129015
-0.832910
-0.123798
0.113165
0.882537
0.219476
0.199245
0.020109
-0.396355
0.038835
0.067206
0.052754
0.127569
18
-0.779633
1.343844
-0.621788
-1.045905
-0.231342
0.238209
0.389980
0.533919
0.239789
-0.188021
0.071083
-0.006723
-2.140184
3.243418
-0.188580
-0.282166
-0.186948
0.516833
18
0.544837
2.129291
2.533008
-1.511733
1.004306
0.398422
0.565009
-0.433205
-0.396399
1.846520
0.326231
-0.922479
1.003461
0.348621
0.344869
0.162894
0.008141
-0.090130
18
-1.553318
-1.153286
-0.244076
1.445991
0.112332
-0.243957
-0.827283
-0.432066
-0.315112
-0.425187
0.595792
0.688802
1.054455
-0.836170
-0.837888
-1.172664
-0.243973
0.024248
18
-1.469827
0.026538
0.073560
0.924005
0.472681
-0.877141
1.066276
-0.566888
0.125617
-0.682059
0.934860
0.655081
0.614963
1.444870
-0.817303
0.063593
0.387462
0.176674
18
-0.880453
0.575845
-0.797993
-0.913099
-0.513128
0.232659
-0.234368
0.546041
-0.023526
0.703302
-0.060904
0.200175
-2.173900
-2.668926
-1.098024
1.517001
-0.066143
-0.489823
18
2.476053
0.369311
-0.498054
-0.770151
0.226097
0.187817
-0.236674
1.819472
-1.127354
0.380841
0.193766
-0.125318
-0.737539
-0.077465
-0.598663
-0.354383
-0.082861
0.040858
18
0.656865
-1.738142
-0.964392
-1.113360
-1.028065
-0.150640
-0.095777
-2.047661
1.294719
0.616468
0.240271
-0.549102
0.126174
0.380971
-0.393922
0.675701
0.251414
-0.057324
18
2.250994
0.612314
1.569701
0.337668
0.582100
-0.213433
-0.384507
-2.211150
1.492929
-1.793442
0.212624
-0.036484
-0.446062
-0.399686
-0.265459
-0.048955
0.092845
-0.024365
18
0.656801
0.608632
0.957969
0.588701
0.179861
0.120889
-1.111600
-0.357779
-1.154244
-0.449006
-0.540129
-0.197871
-0.211037
-0.055583
-0.238313
-0.242847
0.086625
-0.042540
18
0.964659
1.310894
0.135068
-0.504979
0.312998
0.172042
2.408757
3.017629
-1.272343
1.904211
-0.363380
-0.321468
0.156224
-0.109499
0.190605
0.143382
0.014321
-0.103221
18
0.614916
-3.109220
-0.003958
-1.580712
-0.277406
0.596493
0.144229
1.683002
-1.525740
0.137512
0.368137
-0.048309
0.186813
0.494250
0.342328
0.174061
-0.110024
-0.308125
18
1.083568
-2.895810
1.036168
2.009120
-0.014462
-0.622598
0.882483
0.169296
0.673770
-0.131687
0.153879
0.178905
-0.452308
-0.115230
-0.352549
0.227464
0.122367
-0.027166
18
0.995066
1.376655
0.440329
-0.795597
0.322717
0.491084
1.270029
1.447738
-0.517482
0.925845
-0.268414
-0.452562
1.507240
-1.091015
-1.057070
-0.870417
0.050132
0.118044
24
1.194841
0.490767
-0.437569
1.396927
2.559965
1.656331
-0.494992
0.197974
0.431810
-1.590943
0.206520
-0.641769
1.422957
-0.708191
-1.695214
1.791281
-1.654020
1.614844
-0.217756
0.939506
2.020715
0.988552
-1.981833
0.858428
1
24
2.643207
1.061116
2.153817
1.956994
6.896247
1.227361
3.505533
-2.800868
2.119319
-6.327552
-4.313266
-1.585680
1.513042
1.813901
-1.613665
-2.649251
2.683850
1.695839
-2.876080
-5.095876
4.382763
-2.675778
4.870989
-2.269410
1
-0.044392
