1
24
30
-1.820047
-4.713046
2.438900
-0.047230
0.062299
-0.044460
-0.973731
0.839926
0.105351
0.509649
0.148994
-0.035702
0.779955
-0.323279
-0.611960
-0.448044
-0.014040
0.133185
-0.323872
-0.390181
0.136737
-0.205826
0.067074
-0.058178
0.104702
-0.127917
0.152966
-0.050986
-0.009289
0.017193
30
0.391883
0.110559
0.189269
-0.065005
0.143358
-0.074436
-0.097878
0.031297
-0.207783
0.148124
0.029975
-0.062755
1.789849
-2.800708
-0.228867
-0.783303
0.150107
-0.254039
1.970546
-0.985902
-0.948171
-1.188889
-0.092084
0.248955
0.810582
1.589449
-0.300018
0.876423
-0.169397
-0.244119
30
-1.918318
0.049067
1.036811
0.377914
0.034249
0.031160
0.289448
0.009064
-0.056269
0.082907
-0.239891
-0.273780
0.335451
2.664393
-0.729468
0.486095
0.056013
-0.406844
0.319938
0.325791
0.768495
-0.088306
0.415287
0.031919
0.776141
0.504768
0.551126
0.467302
0.204221
-0.004564
30
0.167011
-0.182424
-0.157463
0.086292
-0.098340
0.178239
0.058608
0.158519
0.627372
-0.287556
-0.089552
0.011235
2.804656
-0.532906
-2.528396
-0.232200
-0.378239
-0.082817
-2.881908
-3.505306
1.211308
-2.173049
-0.080868
0.310687
-0.387083
-0.271776
-0.354787
-0.406903
0.133796
0.098786
30
0.391764
0.324081
-0.095751
0.127316
-0.179291
0.186102
-0.205144
0.133331
0.438336
-0.236972
-0.055646
0.215280
1.409642
-0.182429
0.731789
0.026458
0.402793
-0.098329
0.518439
0.206387
0.033777
-0.140523
0.198792
-0.064835
1.424790
-2.129356
1.132204
1.452754
-0.097809
-0.179426
30
1.021799
3.677272
-0.403354
1.521503
-0.016464
0.132584
-0.681399
-0.690109
0.066273
0.715588
-0.118781
0.013021
1.111365
-0.697624
-0.861374
-0.425584
0.145121
0.470435
-0.389990
-1.792176
-0.138808
-0.112934
0.035371
-0.480149
-0.240543
0.015560
0.143471
-0.037271
-0.038928
-0.057226
30
-0.289942
0.788858
-0.363869
-0.288940
-0.010753
-0.109303
0.141589
-0.102911
-0.368250
-0.350010
0.007234
0.005099
-0.744862
-2.283029
0.976885
-1.538965
0.309467
0.396028
0.013168
-0.074658
-0.258157
0.096288
-0.089283
-0.061265
0.208203
1.156638
0.234591
-1.018064
-0.080952
0.151562
30
0.310460
-0.332903
-0.110424
0.355744
-0.050254
0.103114
0.106838
0.090771
0.091505
-0.014339
-0.079151
-0.017289
-1.070414
1.539738
-0.291613
0.173070
-0.356447
0.466656
-1.443740
0.808028
0.740729
0.957480
-0.012370
-0.238503
-0.689060
-1.465314
0.445751
-0.882991
0.073192
0.317640
30
-0.071101
1.440299
-0.431210
0.242150
-0.108996
0.024266
-0.224651
0.256726
0.227727
0.075171
-0.072929
0.008329
0.340339
0.931519
0.081228
0.298379
-0.183228
0.290181
2.108427
0.311107
-0.699597
0.733100
0.048169
0.086433
0.632697
-0.892941
-0.945457
-0.633058
0.241263
0.198887
30
0.131708
0.946987
-0.299361
-0.062449
0.010013
-0.131899
-0.066130
-0.003270
0.240871
1.324463
-0.083657
0.128910
3.389407
1.784403
-1.411446
0.881387
0.193949
0.129445
5.340957
4.636659
0.147660
3.132329
-0.038358
-0.266687
0.348611
0.527235
0.257158
0.635391
-0.121471
-0.063981
30
-0.257500
-0.618395
0.478241
0.127079
0.009786
0.013617
-0.386173
0.421541
0.269851
0.165056
0.021917
0.078780
1.452639
0.322517
-0.796466
0.089462
-0.028782
0.105967
2.246984
0.127780
0.286269
-0.873743
-0.115659
-0.032804
0.172117
0.306964
0.325930
0.348796
-0.000338
-0.048503
30
-2.140253
-1.722488
0.772707
-0.372006
-0.133563
0.031120
0.415970
-0.382287
0.160050
0.435730
-0.103617
-0.130307
-0.987948
0.712472
-0.242252
-1.463285
-0.466996
0.504506
1.727635
0.093772
1.041386
0.471302
0.438585
0.066807
2.639073
0.074733
1.642950
0.409831
0.440796
0.447353
30
-0.229343
0.703249
0.649565
0.485115
0.520899
-0.143898
-0.284125
-1.253017
-0.199371
0.507420
0.351110
-0.314899
-2.396099
-3.556536
-0.011904
-0.160629
-0.193259
-0.634626
-3.010357
0.655398
-1.809605
0.077676
-0.865835
0.121196
0.107986
0.193297
0.070058
-0.263897
-0.017791
0.255258
30
-1.750299
-7.461986
2.943440
-0.473517
0.001110
-0.215365
-0.863739
-0.239679
0.375486
1.105217
-0.092853
0.096155
2.106899
1.209358
-0.821575
0.246819
-0.200815
0.194394
-1.825048
0.550106
0.645631
-0.095042
0.173305
-0.032315
0.392887
-0.413645
0.558800
-0.245972
-0.022067
0.038022
30
0.694443
0.635128
-0.330043
0.314193
0.160240
-0.129284
0.118247
0.014381
-0.842124
0.318715
0.150579
-0.022803
0.250056
-1.943561
0.693544
-1.361162
-0.120255
0.144836
0.599121
-0.704578
0.290990
0.004143
-0.279205
0.069329
0.442164
-0.397602
-0.036433
-0.174492
-0.118424
0.176142
30
0.001856
-0.030088
0.094299
-0.023501
-0.048692
0.149949
0.022673
0.095835
0.392819
-0.124665
-0.051046
0.076791
1.019974
-0.707345
0.738169
-0.222997
0.473329
-0.272946
-0.402298
-0.012412
0.156353
-0.087683
0.140593
-0.124385
-0.085952
0.879064
0.020002
-0.956657
0.081698
0.187281
30
-2.138634
1.700861
-0.730585
-0.104510
0.090935
-0.304988
-0.151352
2.329833
0.601973
-0.607921
0.165612
0.080952
-1.281102
0.698125
0.630742
0.799294
0.140554
-0.140748
-0.356609
0.053151
0.174141
-0.030336
0.080798
0.113915
-0.240038
-0.024528
-0.212602
0.062882
0.040740
0.062021
30
-1.929401
-1.353877
0.170254
-2.022768
-0.013381
-0.172169
-1.343059
1.528368
0.708718
-0.568295
0.133327
0.306212
-4.125332
-2.422606
1.134756
-0.125651
-0.488391
0.232066
2.185240
0.792565
1.249486
1.695092
0.539435
-0.506321
0.722705
1.306031
0.015682
-0.157932
-0.304122
-0.105240
30
-0.603955
1.232936
-0.367101
-0.008662
-0.104958
-0.037813
0.211316
-0.664194
-0.403838
-0.143693
0.109525
-0.174158
-0.460803
-0.392085
0.213978
0.567013
0.078341
-0.321705
-1.741564
0.649978
-0.136477
0.073264
0.220747
0.083677
-0.485856
0.004136
-0.122714
0.126935
0.023259
-0.025660
30
1.767290
2.156558
0.099822
0.671716
0.332143
0.071361
-0.041021
0.282400
0.150155
0.763308
-0.065228
-0.010971
-0.311643
1.203491
0.508576
0.479486
-0.061016
-0.314275
0.198645
0.627374
0.337250
0.297353
0.048612
0.132738
0.643452
0.363006
0.405979
-0.137084
-0.024535
0.034055
30
-0.791279
-0.097727
-0.115767
-0.273248
-0.068455
-0.151234
-0.113225
0.258772
-0.399128
0.459234
0.072141
-0.154865
0.913178
1.480221
-0.178339
1.172763
-0.133447
-0.337924
0.262360
1.195851
-0.429895
0.448759
0.056826
0.027931
0.374755
0.008647
0.209450
0.662476
0.040683
-0.078026
30
-0.093015
0.672606
-0.037303
0.003914
0.025786
-0.087523
-0.273890
-0.006006
-0.082701
0.545430
0.087371
0.058480
1.164255
0.017987
-0.205451
-0.549452
-0.133043
0.108894
1.756133
-2.477307
-0.099682
-1.154084
0.034883
0.108951
0.314050
-0.290730
0.168578
-0.398217
-0.067743
0.103232
30
-0.430485
-0.192502
0.179285
-0.210818
0.080135
-0.198450
0.153273
-0.547138
0.042975
0.529586
-0.100557
0.129642
1.178332
2.444889
-0.631735
1.642349
-0.097050
-0.357061
-1.912015
-1.313146
1.243868
-0.211185
0.075206
-0.125717
0.262575
-0.718565
0.000655
-0.349969
-0.025267
0.192157
30
0.392353
0.287823
0.183931
0.288377
0.077163
0.008927
-0.200376
0.260605
-0.138405
0.536419
0.042684
-0.092819
-0.086337
0.992621
0.223038
0.540196
-0.100759
-0.129623
1.621596
0.625614
-0.030494
0.184340
0.010789
-0.071440
2.073528
1.647429
0.708350
-0.162615
0.063475
-0.041867
24
0.240120
0.724935
2.797504
-6.842030
-1.828894
3.078148
-0.519927
-0.556507
2.173739
11.909835
0.473484
1.923849
-2.280993
0.501253
2.270626
-2.975826
-0.885186
3.048626
0.576849
1.533758
1.643819
4.894985
2.874892
0.431537
1
24
-7.210399
3.964738
2.283583
-6.090411
2.422970
-2.944155
-3.384466
4.493988
-2.345161
7.538538
-3.829957
-1.599842
1.872476
4.640264
-3.394264
4.887023
2.851698
-1.140500
-5.377406
-5.087207
-4.100136
10.307561
-3.457062
3.029108
1
1.422352
