1
16
12
-0.415231
0.100196
-0.191282
-0.934011
0.056734
-0.014898
-0.488525
-0.312899
-0.346268
1.151572
0.111869
0.176572
12
-0.719072
0.697801
0.050647
0.339742
0.419590
-0.515796
0.174410
0.319682
-0.442274
0.717397
0.306553
0.017684
12
0.493153
0.499135
1.195222
0.386473
-0.228896
-0.192791
0.419352
0.098276
0.645395
-0.870102
0.277600
0.052977
12
-0.719557
0.251095
-0.759558
0.506408
0.134127
-0.218740
-0.295988
0.564790
0.218737
0.768636
-0.035677
-0.230111
12
-0.167568
0.187197
0.218016
0.273031
-0.005672
0.055063
-0.158094
0.223320
-0.108395
0.276872
0.139275
-0.431698
12
0.397996
0.789789
-0.389886
0.242048
-0.297071
-0.211130
-0.207112
-0.167177
-0.118368
0.720944
-0.430235
-0.215746
12
-0.012277
-0.047517
0.028177
0.052472
-0.092066
0.072113
-0.008882
-0.120965
0.108656
-0.037645
-0.081651
0.034838
12
0.096651
-0.789921
-0.092016
0.344663
0.064054
0.815682
-0.069116
0.920763
0.045434
-0.560263
-0.113204
-0.172318
12
-0.446716
-0.529275
-0.147757
-0.185249
0.004858
0.507584
-0.188085
-0.520520
-0.303626
-0.526468
-0.115566
-0.173311
12
-0.003215
-0.022563
0.009123
0.005656
-0.033728
0.025852
-0.005866
-0.039883
0.044017
-0.023706
-0.028155
0.011237
12
0.222803
-0.309054
-0.136589
0.148614
-0.672315
-0.008488
0.251137
0.131721
-0.056361
-0.316537
-0.592548
-0.011764
12
0.449625
0.322390
-0.441799
0.340998
-0.162464
0.172347
0.556349
-0.239510
0.441925
0.268407
-0.033721
-0.299579
12
-0.334334
-0.801494
0.166456
0.246433
-0.247885
-0.090909
0.537880
-0.472694
0.136465
0.514204
0.249427
0.202342
12
0.354768
-0.360729
0.605238
-0.606962
-0.290966
0.310257
0.257259
0.270526
0.327808
0.735040
0.048780
0.179926
12
-0.007941
-0.036407
0.007419
-0.019545
-0.087698
0.050890
-0.021782
-0.058647
0.072626
-0.062774
-0.063294
-0.001811
12
-0.945051
0.317737
0.441958
-0.255251
0.250812
0.138110
0.844043
0.156778
-0.686132
0.056114
-0.212587
0.031065
16
-0.246129
0.153455
-1.973438
-0.524723
1.074127
0.089833
0.110936
1.376065
-0.294273
-0.303848
-1.800566
-1.625198
-1.206230
1.002327
-0.928395
-1.059207
1
16
8.856364
-6.969547
9.588652
-7.138715
4.900151
8.312348
-2.519525
6.605968
-8.020070
-1.053996
-5.885799
-5.958156
6.675736
-8.954107
-2.066393
7.371631
1
0.711854
