1
24
12
-0.336959
0.107476
-1.679411
0.788698
0.669853
0.692100
-0.217726
-0.543289
1.764720
-1.014699
-0.526375
-0.839984
12
-1.840396
-1.317954
1.890422
0.422569
1.152442
-0.121257
0.669161
0.545758
0.001187
0.638676
0.585094
0.984561
12
0.578998
3.012069
1.578586
-0.424826
0.157012
1.568692
-1.550987
-0.392598
2.205977
-0.321104
-1.300650
0.271613
12
-1.481304
-1.301935
1.049303
-0.648176
1.207911
-1.481407
0.067484
0.643009
0.120607
2.411960
-0.029612
0.120848
12
0.205741
0.335065
-0.594256
1.434699
-0.722302
1.512686
-0.351094
-0.197077
-0.887129
0.826613
-1.505998
-0.944174
12
-0.206617
2.371995
-1.699231
-0.238847
-1.025686
-0.388833
-0.221245
-1.797627
-0.830125
-0.725906
1.232630
-0.620975
12
-2.865424
1.509867
-2.400625
-0.266680
0.112746
-1.220855
-0.443937
0.492416
1.343564
0.982416
0.281874
-1.083513
12
0.657076
-0.756405
0.027941
0.526416
0.071337
-0.168691
1.593500
3.216726
0.774276
-1.287206
0.773641
0.960342
12
-1.414612
1.328245
-0.897243
-0.643653
-2.118356
-0.629875
-0.236731
-0.839470
0.923190
-0.035233
0.596046
0.643128
12
-2.172334
-1.100849
2.541668
-1.069619
-0.147961
-0.203176
-0.247918
0.528811
-1.669347
1.538190
-0.090917
0.367905
12
1.800783
0.337957
1.491764
-1.345688
2.449616
-0.745981
-0.114617
0.223924
-1.665506
-0.001853
1.674487
-0.287727
12
-1.919285
-0.698855
-1.110027
0.591326
-0.317156
-0.644289
1.018801
-0.745767
0.493636
0.046544
0.749926
-0.577759
12
-1.347050
-0.543819
-0.505279
0.228760
1.280547
0.798155
0.532976
-0.255264
1.320717
-1.541577
0.873275
-0.476892
12
3.473181
3.810874
1.675960
-1.641521
0.264370
0.635493
-0.001796
-0.151331
0.794581
0.549138
0.218655
0.090289
12
-0.212401
-0.312600
-0.977525
-0.842322
2.064838
-1.077491
0.264636
0.208358
-1.184543
1.080724
-0.128556
0.959557
12
-0.015594
-2.722248
1.650413
-0.834816
-0.499594
0.603986
0.175765
0.792816
0.178560
0.749158
-0.381822
0.009366
12
-0.516894
2.266803
1.338419
-1.022556
0.346547
0.088205
-0.898536
-0.305218
0.791934
1.516471
-0.622677
-0.776392
12
0.654750
-0.549556
0.797313
0.116022
0.495842
1.480940
-0.397386
-0.784956
-1.544950
1.802945
0.077484
0.046873
12
0.790767
0.144711
0.957603
0.295532
0.090398
0.650594
-2.195773
1.608468
-1.496451
-0.332262
-0.197022
0.105001
12
0.811875
-2.912666
0.763326
-0.713902
-1.228772
0.073846
-0.009829
-0.367204
-0.098651
-2.173892
-0.313109
0.327737
12
2.454803
0.999422
-1.676313
1.932350
-0.359922
0.179726
-0.088685
0.186307
-1.591628
1.570872
0.859531
0.341274
12
-1.298891
0.043486
0.131288
-0.469631
-0.192201
0.548219
1.064987
0.675466
-1.704560
-0.153571
0.743596
0.260776
12
-4.381422
0.991030
-2.874149
0.847970
-0.908087
-0.113905
0.581373
0.172998
-0.297828
-1.127264
-0.023532
-0.313390
12
1.215235
-0.778419
0.225812
-1.386367
0.916376
0.404572
-1.513960
-1.641087
-0.003446
1.048523
0.383367
-0.034285
24
0.426619
1.250724
1.969898
-0.843859
1.236514
0.931644
-0.954431
-1.795700
-0.289182
-0.081866
0.087718
1.199451
0.206254
-1.969033
-0.750981
-1.298024
0.954485
0.669646
-0.730094
0.282822
0.239330
0.001597
-3.680736
0.357127
1
24
1.577226
1.240897
1.146815
1.476604
0.845215
-1.246137
1.162140
1.465435
0.998064
3.309749
-0.827923
-2.442988
1.369893
4.843483
-1.178548
-3.159097
2.075796
-1.651233
-1.834104
3.027928
2.399435
-1.977865
4.040612
1.687135
1
-2.588178
