1
24
24
1.035716
-0.784970
-0.105652
-0.375976
-0.225017
0.314699
-2.368347
0.968913
-0.021370
-0.672364
0.382365
-0.189917
2.077850
-2.622075
-0.755253
-0.440347
0.467846
-0.185081
0.148815
0.208276
0.873673
0.445653
0.335190
-0.320364
24
0.257543
-0.022188
0.119328
0.104236
0.077557
0.169077
-0.110510
0.171222
0.389901
-0.076494
0.038528
-0.084618
-0.229814
0.530190
0.858085
0.086109
-0.696149
0.603306
-0.045940
-0.110069
0.606527
-1.144897
0.004295
0.020299
24
-0.031990
0.259316
-0.020446
-0.000448
0.041210
-0.072318
-0.321096
-0.449775
0.408280
1.075104
0.036570
0.026445
0.003259
3.154501
0.035225
-0.523179
0.274541
0.590591
-0.143767
-0.072334
0.966807
-0.942605
0.065160
-0.091076
24
-0.074385
0.120146
-0.194996
0.095951
0.025820
-0.124307
-0.098377
-0.155925
0.361948
-0.250987
0.021376
0.011751
0.503386
0.462570
-1.952512
-1.096586
0.437534
-0.059772
-0.153175
-0.146952
-0.208391
-0.403483
-0.044362
0.278606
24
-1.406536
0.408340
-0.318220
-2.176208
-0.110237
0.043454
0.441366
-1.021311
-0.083635
0.371948
-0.120625
0.170728
-0.603218
0.646935
0.824503
0.557937
0.153964
0.017062
0.193887
-0.002638
1.144296
0.439335
0.170354
0.106139
24
4.029657
1.587037
-0.518275
0.449167
0.540896
0.338220
1.342411
-2.314309
-0.632358
-0.157522
-0.433557
-0.172193
1.407900
1.152408
0.165434
-0.578822
0.043477
0.114850
0.081648
-0.127703
0.234984
-0.097564
-0.067194
-0.140015
24
-0.653433
-0.457825
0.871259
0.305114
0.025502
-0.031332
-0.145220
0.044650
0.216482
0.041083
-0.033998
-0.037133
2.894798
0.126285
-1.194741
0.041462
0.032597
-0.030351
0.077419
0.102991
-1.317411
0.215532
-0.246635
0.054497
24
0.810856
-0.519891
-0.390013
0.697663
0.000559
-0.188151
-0.330144
0.011263
-0.008014
-0.009132
0.007297
0.150052
-0.206561
1.700463
-1.342328
-0.699708
0.062075
0.310750
0.250160
0.014248
-0.433676
-0.198475
-0.176265
-0.144367
24
-0.115283
0.777797
0.000649
-0.098313
0.120821
-0.188519
-0.351201
-0.276189
0.500927
1.858903
0.016715
0.069347
0.940317
3.244210
-0.263230
-0.083593
0.253995
0.792805
-0.360326
-0.200063
1.180051
-0.924692
0.084315
-0.151403
24
1.467281
-0.619503
-0.328766
0.763941
-0.160043
-0.069103
-0.110791
0.105758
0.161829
-0.000300
-0.089025
0.101837
-2.891251
-0.837626
-0.639654
-1.509718
-0.355169
-0.119290
0.119831
0.118547
-0.737733
-1.180012
-0.176634
-0.286741
24
0.012920
-0.347278
-0.221616
-0.369726
-0.256283
0.136238
0.254989
0.053483
0.175293
-0.875447
-0.069984
-0.026455
-1.649930
-0.712241
1.884453
-1.009909
-0.314665
0.578327
0.033816
-0.088328
0.288487
-0.338704
0.256696
0.104864
24
0.219290
-0.058164
0.356506
-0.050417
0.186437
0.106029
-0.990851
0.316459
-0.194792
-0.794676
0.097080
-0.190858
0.625633
-1.486604
0.002859
-0.490546
0.437401
0.008106
0.247260
0.025816
0.385492
-0.531090
0.193573
-0.059681
24
0.087028
2.969397
-1.195515
0.284046
-0.075623
0.102134
0.229175
0.594316
0.081681
0.671187
0.201006
0.048620
-1.698889
0.382626
-0.506863
-0.132886
-0.222143
-0.136970
0.022712
0.089674
-0.732515
0.211717
0.001641
0.038372
24
0.565100
-0.636232
0.117790
0.153415
0.102583
0.061155
0.704606
3.168696
0.216549
0.382558
-0.242420
-0.086967
0.064637
1.606470
0.083805
-0.321280
-0.133367
0.179795
-0.011692
-0.151510
0.901494
-0.162683
-0.102709
0.057425
24
-1.054158
-3.509325
0.629912
-0.484856
0.143845
-0.211584
0.309952
0.096924
-1.317734
-0.298387
0.326080
0.067137
-2.368726
0.849583
0.225350
1.542082
0.219716
0.114785
-0.127667
0.002391
0.779671
0.062710
-0.077572
-0.018432
24
1.644920
1.825387
0.112008
0.994604
-0.044355
0.168897
0.035260
0.249764
-0.331405
0.644328
-0.028706
0.011068
-0.204863
-0.927724
-0.142520
0.368585
-0.024737
0.001100
0.083414
-0.276465
1.184454
-0.260890
0.286687
0.045183
24
0.590498
-4.603722
-0.278587
-2.845146
-0.488111
0.116108
1.646385
-0.719019
-1.544119
-0.019727
-0.171124
-0.074663
0.422234
-0.077041
-0.341156
0.563733
0.134909
-0.120814
0.025106
0.044956
-0.899473
0.142670
0.158111
-0.140662
24
0.164692
-0.317760
-0.183973
0.059595
-0.019291
-0.029825
0.126298
0.081490
-0.256013
-0.552805
-0.219800
-0.075464
-1.676194
-1.297956
-0.316230
-1.534238
-0.125740
0.107002
0.166279
-0.058421
0.096647
-0.547085
0.104850
0.046440
24
-0.067727
-0.753817
-0.254391
-0.605470
-0.167492
-0.082420
-0.195235
-0.007330
-0.002397
-0.349325
-0.130208
0.073407
-0.104785
-1.168629
-1.258912
-0.455700
-0.276038
0.151337
0.019549
-0.033800
0.848101
-0.488992
-0.051393
0.240796
24
-0.769111
-0.122190
1.261175
0.489741
0.168707
-0.179586
-0.365030
-0.577049
-0.123049
0.170980
-0.204150
-0.099077
2.985153
1.741006
-0.159248
-0.575031
0.295270
-0.437177
-0.312612
-0.187029
-0.620210
0.435407
-0.307439
0.168936
24
0.559863
-0.170425
-0.133202
0.318181
0.040491
-0.000682
-0.035337
0.218071
0.105044
-0.036881
0.051325
0.039532
-2.456765
-0.009280
-0.726565
0.167567
-0.627368
0.279186
0.107325
0.014500
-0.097826
-0.944930
0.065668
-0.250720
24
0.189825
2.182709
-0.868681
-0.107898
-0.129058
0.041435
0.106677
0.376963
-0.116079
-0.978563
0.214160
0.019162
1.367218
-1.022009
-0.286555
-0.534479
-0.085994
0.203580
-1.961676
3.155427
-0.823449
-1.658700
-0.002502
0.626426
24
1.214285
3.750371
-1.479647
1.158180
-0.087767
0.175343
-0.047613
-0.017462
1.307339
0.274449
-0.177484
-0.050989
-0.043446
0.831721
0.235042
-1.423958
-0.372271
0.210789
-0.090870
-0.089366
0.476631
-0.812700
-0.028732
0.026905
24
-0.466701
1.139521
-0.311213
-0.382409
0.063038
-0.137662
-0.016654
-0.117911
-1.182929
0.223066
0.230426
0.077718
-4.305438
-0.967006
2.374966
0.754758
0.358687
0.046014
-0.066517
0.053041
0.631085
0.520657
-0.041820
0.041167
24
-0.725249
-0.137987
-0.253425
3.167210
0.412466
-4.395862
-1.615174
-0.870983
-0.214170
-0.220176
-0.944432
0.386892
2.533174
-1.562813
-2.969706
1.785413
3.866979
-2.132268
-1.168870
-2.867623
-1.314870
2.840565
1.748049
4.823837
1
24
2.296640
-5.133875
7.942185
8.488739
-3.029459
4.553302
6.482657
-6.176259
-4.523841
-5.008242
4.187311
-4.783957
-7.282289
3.748437
4.088651
-3.592932
-3.633443
-8.147360
5.995183
-4.311951
9.910968
-1.665172
4.425381
7.169621
1
-1.114704
