1
24
12
-4.215462
2.441475
-2.781212
0.681860
1.124797
0.403221
-0.274860
1.050701
1.202405
2.248275
-0.289419
0.375143
12
-0.250230
-3.133740
-0.712406
0.507990
0.535951
0.065482
2.902922
-0.997983
0.539156
-1.389617
-0.189238
-0.378828
12
-2.998108
-4.409038
-1.716941
0.351269
0.530208
-0.471726
-0.390356
-0.734669
0.535606
-1.534292
-0.087126
0.685905
12
3.574989
-1.324497
-2.076127
-1.045122
0.428676
-0.561909
-2.334963
0.380378
-0.784160
0.563001
1.275980
-0.214972
12
-0.038987
1.200991
0.160773
0.813435
-1.526442
0.179019
-0.317294
1.735924
0.823121
-1.338868
0.731417
0.985046
12
-1.743011
-0.811644
-1.005126
-0.258867
0.867080
-0.122684
0.586281
0.295532
-0.988102
2.527577
0.554536
0.187418
12
1.241321
-1.481148
0.076752
0.271955
-0.734750
0.125259
0.909136
0.783349
-0.513130
0.333993
-2.090427
-1.318798
12
-2.961575
1.189071
-1.598252
0.930277
0.581840
0.319332
-1.234212
3.009591
-0.251481
-1.467642
0.851937
0.297930
12
2.215260
2.569350
-1.009398
-2.446570
-0.270123
-0.288083
2.834628
0.079149
1.925164
-0.844075
-0.675003
0.278446
12
-1.873976
-0.646745
-1.355075
-0.505454
0.809422
-0.299843
2.066129
-1.624238
-1.541115
0.664799
1.168786
-0.214325
12
-2.309051
-0.467857
2.236738
0.679596
0.256492
0.557520
0.820964
-2.411203
-1.157538
2.499195
-0.501085
0.136888
12
-0.542811
-0.604463
-0.285488
-1.316201
0.500896
0.081710
1.561662
-2.190519
-0.405102
0.372114
-1.347632
-0.522516
12
-0.009023
-1.282271
0.303996
0.030036
0.944245
-0.344845
-0.337304
1.358311
1.688971
1.302068
0.168640
-0.009740
12
-0.268632
1.032121
0.638031
-0.289063
1.298001
0.601412
2.106552
-1.167574
1.946227
0.479171
-0.343297
-0.629912
12
0.468741
-1.236175
0.545610
-1.637198
0.430672
-0.626285
2.174231
0.361778
0.942080
2.109656
-0.606511
-0.045076
12
-0.280969
-0.326113
1.107517
0.882513
-0.359229
-2.809960
0.125374
-1.216710
-2.062419
-0.348844
1.101743
-1.841085
12
-2.687984
-3.316138
1.752259
-1.319071
0.351088
0.127710
2.451689
1.154608
1.444324
1.884368
-0.551790
0.389782
12
0.953625
0.792730
0.317634
0.668765
-1.347014
0.246639
1.067620
0.109936
3.485731
1.346752
-1.273833
-0.101263
12
1.485453
-1.670908
-0.269668
-1.489790
-0.723953
-0.267602
0.411101
2.120937
-0.173131
0.117707
0.539594
0.760638
12
-3.162688
0.297485
-1.254856
-3.398111
-0.061282
-0.013409
-2.598120
-1.190203
-2.237082
-0.713950
1.048572
-0.543284
12
1.569326
1.118953
0.926556
-0.312917
0.182165
1.006933
0.631188
-2.022894
0.420151
1.043874
-0.790794
-1.982808
12
-0.215440
-0.934153
-0.138536
1.800166
0.332022
0.910333
0.968264
-0.954890
0.667777
-0.941552
-0.629783
0.196634
12
-0.360839
0.172156
2.007313
0.914895
0.782731
-0.131389
1.137143
-1.036905
3.100724
0.010395
-0.440286
0.650236
12
1.411969
-0.876105
1.453072
-0.527362
-1.204628
0.759016
-2.255202
0.589715
-2.081661
-0.272976
-0.487724
-0.355204
24
0.048130
0.632692
0.811320
-0.177776
-1.649982
-0.643425
-0.656309
2.609500
-0.013414
-0.224829
-1.191872
0.495298
-0.532209
0.009078
-1.077039
-0.921581
-1.674758
-1.116651
0.594372
3.401310
-2.631010
1.156541
0.099821
-1.295412
1
24
3.216842
-5.571094
3.682096
2.383626
-2.581786
-4.705019
1.058808
4.212881
-2.807408
4.658154
2.470762
-2.535567
-3.815933
3.028100
4.709505
0.767072
-4.680509
2.992714
3.790709
2.621355
-2.080670
3.204352
1.768088
3.144659
1
-1.495381
