1
24
24
0.433594
0.852068
-0.241416
0.992567
-0.005703
0.081951
-0.137271
0.054465
-0.160027
0.339096
0.154752
0.004749
-3.494316
0.582240
-1.544769
-0.077577
0.358363
-0.206232
0.229232
-0.885663
0.636983
-1.053753
-0.014997
0.055411
24
-2.079063
-0.059948
-1.052178
0.805054
-0.869970
0.225107
0.156085
-0.753169
-1.272697
-0.950165
0.392222
-0.133088
0.339123
0.857651
0.505441
0.420047
-0.308067
-0.197908
0.153807
-0.863316
0.024118
-0.979029
0.020102
-0.084054
24
0.105231
-2.949057
0.565249
-0.300201
0.288861
-0.349451
0.058335
0.147716
0.147482
0.377840
-0.056975
0.064317
-0.555126
0.315455
1.732446
1.226917
-0.558146
0.721073
-3.015336
-1.286568
-0.398236
-2.178223
0.870890
0.328082
24
0.024899
-0.074076
-0.910381
-3.314642
0.473225
-0.572734
-0.212120
-0.646768
0.728243
-2.553864
0.364266
0.514282
-0.589560
0.145032
-0.226479
0.346547
0.070317
0.025751
-0.392782
-0.155267
-0.157039
-0.144805
0.110375
0.104782
24
0.592673
-1.044511
1.238695
1.333147
-0.054667
0.163118
-0.007468
-0.198951
-0.291278
0.610169
-0.041206
0.063588
-2.980247
0.105694
-2.099257
1.938119
-0.214857
-0.973355
-2.080374
-1.248031
-1.555596
-0.702482
0.451741
-0.041619
24
0.459014
-0.438656
0.924614
1.352953
-0.193532
0.081588
0.025117
-0.705713
-0.794662
0.209752
0.011785
0.060209
-0.311543
-0.208441
-0.177081
-0.156647
0.156198
0.095241
-0.148724
0.348173
-0.074733
0.208434
-0.037045
0.049223
24
0.948931
-1.851610
0.872504
-0.023466
0.070644
0.128924
0.091176
0.041519
0.063101
-0.323386
-0.034818
-0.019510
-4.087177
2.494227
-0.651949
0.125787
1.125569
0.526960
-2.541163
1.092664
0.421546
0.760666
0.640217
0.187919
24
-0.691328
-0.897537
0.053602
-0.074703
0.060423
-0.310923
-0.004302
-0.009345
-0.181854
0.464624
0.051445
-0.006854
-1.884674
0.295186
0.323109
1.111818
-0.268238
0.527573
-2.454147
-0.586691
-0.034157
-1.358177
0.707074
0.244595
24
1.741363
-0.798078
0.760097
-0.746170
0.374229
-0.087569
0.012407
0.226840
0.634948
0.451818
-0.293024
0.189019
0.777813
0.142096
-0.060491
-0.141727
0.096601
-0.501159
0.927242
0.184283
0.277867
0.448894
-0.206554
-0.329506
24
-1.161832
3.195030
0.246020
-0.078714
0.159588
0.496479
0.104381
0.305108
0.387148
-0.572835
-0.041399
-0.070868
4.808716
-0.486697
0.285379
0.392939
-1.270416
-0.598884
3.775561
-0.462831
-0.698884
0.551772
-1.334563
0.034053
24
-0.267506
0.847324
-0.182510
0.011782
0.172266
0.039573
0.100775
0.248500
0.166241
-0.170756
0.024843
-0.021711
2.494864
-3.232285
-0.414584
2.923624
1.615461
0.696014
2.385678
-0.462725
1.327233
-0.611012
-0.650381
-0.057555
24
-0.559328
0.139015
0.210955
0.583083
-0.070417
0.278185
-0.072607
-0.026825
0.072534
0.090068
0.004808
0.012586
3.404111
-0.257156
-1.039696
1.067518
-0.581775
0.503593
2.868172
-1.274731
-0.366820
-0.356826
-0.822638
-0.092766
24
1.601828
0.859810
-1.980298
-1.264878
0.217643
-0.668107
0.091241
0.398977
0.178852
-0.328278
0.128811
0.000721
-3.245369
0.649729
0.942817
-1.288157
0.084567
-0.054219
-3.837463
-0.628602
-0.512175
-0.753726
1.289383
0.020643
24
0.785694
-1.392289
0.452541
-0.337816
-0.121278
0.196550
0.167226
0.163725
0.183923
-0.567789
-0.074469
0.002474
-2.731582
2.709137
-1.215970
1.119140
1.238906
0.525379
0.925010
1.440432
2.099309
1.163013
0.110499
0.044396
24
0.414687
-2.426028
-0.358980
0.179102
-0.236013
-0.342919
-0.041190
-0.084546
-0.227624
0.463662
-0.094562
-0.084054
-1.517510
-2.725848
-0.538453
-1.716349
-0.161177
-0.421156
-3.757598
1.238627
-1.447349
2.593883
0.960352
-1.232239
24
0.250173
0.268455
0.133015
1.225670
-0.074409
-0.041275
0.065941
0.260255
-0.325684
0.865767
0.032576
-0.195210
-1.156339
1.485312
0.163449
0.305204
-0.028957
0.032089
1.412065
0.616522
0.322447
0.666500
-0.406780
-0.067633
24
0.478139
-0.584701
-0.047987
0.619428
0.204209
-0.129519
0.085470
0.524165
-0.270378
0.653250
0.147502
-0.120066
-0.777265
-0.987350
-0.809383
-0.076523
0.296854
0.231831
-0.611360
0.517058
-0.426460
0.559585
0.070804
0.194390
24
1.873956
2.209571
0.156712
0.434837
-0.210743
-0.123462
-0.463706
-0.102216
0.661003
1.346595
-0.332694
0.119792
-0.049424
0.440987
0.276753
0.266227
-0.196900
0.012130
-0.023093
-0.486281
0.011470
-0.553463
0.038371
0.081818
24
-1.080918
0.616147
0.091650
-0.308516
-0.105388
0.086738
-0.100538
-0.215471
-0.128407
0.052757
0.015708
0.015283
2.519878
-0.491627
-3.873110
-0.319169
-0.622523
-0.274684
1.913195
-0.455894
-1.608753
0.604382
-0.654103
0.312780
24
0.087090
-0.818660
-0.454632
-0.084246
-0.030723
-0.325647
-0.006961
0.171929
0.016359
0.534286
-0.085158
-0.060767
-1.733564
-1.493018
-2.076679
-1.195196
0.888085
-0.214752
-1.488110
-0.785825
-0.003362
-1.033005
-0.127767
-0.009488
24
1.075362
-3.373333
0.157373
-0.529127
-0.110904
-0.270706
0.101138
-0.171277
-0.259449
-0.348529
0.051166
-0.076522
-2.840367
-2.631274
-1.872559
0.070295
-0.511182
-1.296509
-3.080777
1.510123
-1.935645
1.623154
0.566092
0.350112
24
0.209014
-0.989473
-0.582255
-0.791931
0.094500
-0.256766
0.057468
0.195623
0.192898
-0.366496
-0.003123
-0.006417
-0.161469
0.460382
2.059493
-0.337684
-0.376048
0.371179
-3.578840
0.063844
-0.298016
-0.639405
0.905955
0.145809
24
0.087894
3.109087
0.199728
0.446159
-0.143874
-0.040430
-0.165387
-0.307957
-0.373400
0.652789
0.082261
0.211308
1.294885
1.730445
0.664148
1.169605
-0.004138
-0.312919
1.622932
-0.722488
0.577523
-0.968447
-0.507678
0.591264
24
1.601687
0.209103
0.791086
0.651157
0.426534
0.206600
0.035112
0.475413
0.361889
0.251156
-0.131535
-0.119608
-1.714841
0.174684
-0.569433
0.234360
0.280894
-0.126336
-1.564956
1.491378
-2.150295
-2.136709
0.157993
1.040177
24
1.559664
-1.460259
2.100410
-5.409249
9.047244
0.316917
1.341858
2.283843
-2.344921
-3.468664
-1.780198
-2.645013
0.690058
3.211970
5.634952
0.997750
1.206398
0.304149
-4.097343
0.259162
3.501996
1.107540
-3.128701
1.928929
1
24
-3.084758
-3.460414
4.697740
6.251623
7.061761
-5.747978
5.498060
-6.966588
-3.448076
-3.954076
1.470015
4.866925
2.640825
-3.478405
4.548827
2.366673
-3.884702
-4.046798
-3.405320
2.343898
3.836558
-4.156283
6.403265
1.296860
1
0.230611
