1
24
6
0.792941
1.221825
-0.479587
0.541859
0.872409
-0.859110
6
1.168521
2.046393
-1.259428
1.336775
-0.516867
-0.566110
6
-0.949511
-0.646606
-1.432775
1.839163
0.536389
-0.673788
6
-1.027931
-0.414598
0.931566
0.259910
0.113055
-0.083267
6
-1.583764
0.876356
1.114905
1.081569
0.311498
0.293685
6
-0.947954
1.935105
-0.000049
1.331321
1.328775
-0.668031
6
2.884254
0.119465
-1.244895
0.357366
-0.303109
0.724470
6
-0.545377
-0.406912
1.473930
0.547920
-0.221910
0.672208
6
-0.002602
0.619646
1.354868
-0.581568
2.110974
-0.388708
6
-1.177889
-0.951858
-2.217038
-0.623143
0.257121
0.611803
6
1.238513
1.278674
-1.615580
1.350079
0.164756
-0.188105
6
0.388613
-1.524632
0.214003
-1.133450
-1.130600
-1.021236
6
2.315123
-0.617479
-0.010941
-0.710577
1.983099
-0.283254
6
0.631486
2.492753
-0.888394
1.095516
-0.241541
0.455332
6
0.810465
0.612915
1.803008
-0.015397
0.788769
0.292335
6
0.388046
1.151164
-1.374819
-0.656626
0.695007
-0.282105
6
-0.915227
0.137796
-0.889622
-1.637717
0.733414
0.607491
6
-0.775305
-1.647409
-0.154428
-0.513680
0.740456
-1.022983
6
-1.051177
-1.118669
-1.101439
1.122754
-0.528377
-1.355527
6
-1.498153
1.737210
-1.164193
-0.547997
0.423588
1.216490
6
-2.450438
-0.216468
1.621563
-0.278664
1.124386
-0.628514
6
-0.613747
0.736280
0.887015
-0.305820
0.772849
1.780928
6
0.655368
-0.017031
1.263634
0.984737
-0.884092
1.628270
6
-0.474638
0.082232
0.090861
0.250518
0.014575
0.912329
24
0.260999
1.184096
0.812603
0.381072
0.695853
-1.642987
-0.742902
0.193550
-0.010754
-0.225636
1.020393
-0.132841
-1.456256
0.369929
0.414673
-0.051905
0.371427
-0.123589
1.542097
1.128895
1.609028
-0.174963
0.034547
-0.181782
1
24
0.332919
2.542111
-1.573687
1.047342
0.650181
-2.436351
-2.019959
0.527859
-0.150094
0.890990
1.515521
0.847579
0.723115
0.653645
-1.068080
1.069058
-1.216496
0.450206
-1.962068
-2.339698
2.767325
1.125165
-0.075605
0.922433
1
-0.001764
