1
24
18
0.436812
-0.548207
0.500901
0.686298
-0.056568
0.145615
-0.035277
-0.179071
0.112923
0.403454
-0.058394
-0.091668
-1.886885
-2.382018
-0.727420
2.013850
-0.794416
-0.587806
18
1.504993
1.633999
-0.484149
1.088721
-0.049294
0.195821
-0.144243
-0.385142
-0.248695
-0.016878
-0.051040
-0.276429
2.591490
0.215343
-0.825277
1.193833
0.114646
0.077336
18
-0.143917
-0.326407
0.153929
1.120424
0.408743
0.057809
0.457160
1.284336
0.293097
0.458612
0.760026
-0.301517
-0.397861
-1.639945
0.721947
-0.752856
-0.076962
0.001002
18
-1.608238
-1.527956
0.538517
-0.375661
0.055559
-0.308932
1.087707
0.157714
0.153328
-0.093730
-0.074099
-0.143172
-0.887257
1.643519
1.405273
0.426300
-0.192644
0.062428
18
-0.080289
-0.139088
-0.162208
0.302688
-0.370816
-0.273543
0.123897
0.245379
-1.574980
1.076116
-0.184294
-0.077516
-0.003015
0.722518
-0.711042
-0.055067
0.066282
0.238193
18
0.823373
0.599956
0.338592
-0.054040
0.310886
0.272482
-0.466402
0.595582
-1.468360
1.043525
0.195838
0.145893
0.789851
0.211557
-0.460075
1.230944
-0.113444
0.469085
18
-0.051617
-0.552717
1.172403
-0.349796
0.194316
-0.264152
0.153146
0.054051
1.026765
-0.096098
-0.009905
-0.807303
1.236467
-0.161109
-1.175969
-0.151700
-0.271216
0.646913
18
0.645827
-0.108751
0.181959
0.688646
-0.201624
-0.112994
-1.272545
1.951896
-0.620972
-0.402663
0.428148
0.064087
-0.748589
-0.428155
0.595698
-0.295682
0.089755
0.616453
18
-0.000044
-0.999183
-0.675227
-0.498968
-0.031419
-0.018768
0.778123
-0.289417
0.221768
0.251909
-0.007298
0.135416
-0.577685
-1.359585
1.308692
0.037360
0.337468
-0.029677
18
-0.037042
-0.159224
0.048943
-0.666253
-0.113254
-0.224892
-0.279414
-1.046265
-1.118450
-1.379745
0.159950
-0.199534
-1.449212
-0.659621
0.307341
-1.213116
0.047901
-0.198061
18
1.204165
-0.843890
-0.506367
-0.181172
-0.153490
-0.200492
0.852390
-0.289214
0.238623
-0.180689
-0.001339
0.002859
-0.098535
0.608049
-0.617334
1.361470
0.365907
0.553202
18
-0.168878
0.110382
0.205115
-0.134175
0.132701
-0.051763
-0.133258
2.259171
-0.626764
0.227588
0.156688
-0.353063
-0.198378
0.612622
-1.317905
-0.218354
-0.483339
0.242974
18
-0.021681
0.736645
-0.576740
-0.587261
0.012210
0.167673
0.007825
0.808294
0.061033
-1.110260
-0.260940
0.049453
-1.040444
1.999923
-0.025791
-0.125037
0.202992
-0.231637
18
0.954185
-0.413030
-0.085683
0.306302
0.001828
0.214353
0.001489
-0.246090
-0.212329
0.306599
-0.054149
0.028400
-0.454619
1.535124
-0.088508
-1.832245
-0.196469
0.296160
18
-0.086884
0.541251
-0.392795
0.234627
-0.061305
0.119466
-0.340486
-0.695042
0.816203
1.440892
-0.010058
0.067850
-2.178013
-1.490721
-0.047237
0.484341
-0.537228
0.239297
18
0.424977
0.215397
0.009740
1.196092
-0.334381
-0.155706
0.818771
-0.280179
-0.756107
-0.386851
-0.136235
-0.009804
0.017299
1.043535
-0.140665
0.507577
-0.104333
-0.209955
18
0.849775
-0.587466
0.295658
0.718108
0.095939
0.236449
0.049116
0.438033
0.460359
0.303386
-0.077532
-0.070498
0.049731
-0.893062
0.721848
1.009219
-0.945182
0.067642
18
1.073241
0.764690
-0.111867
0.643017
0.171380
0.073512
-1.157576
0.302397
0.265158
-0.906616
-0.018587
-0.081538
-1.455907
-2.196900
-1.265070
0.376874
-0.288802
-0.127280
18
0.226750
0.577238
0.066991
0.690486
0.252800
0.201174
-0.093108
-1.118049
-0.790595
1.279787
-0.311931
-0.316313
-0.290149
-1.045292
-0.445127
-1.155282
0.127566
-0.247889
18
-0.071700
0.687099
-0.326233
-0.417886
-0.059766
-0.063233
-0.180961
-0.795862
0.586317
1.504928
-0.514019
-0.198295
2.695446
0.003437
0.442451
1.037835
0.351039
0.050047
18
-0.432168
-0.155119
0.068898
-0.596970
-0.034117
0.045200
-0.559880
-0.647540
-0.007630
0.627826
-0.188791
-0.271590
-1.552891
-0.587026
1.799696
-0.036891
0.777589
-0.272231
18
0.029972
-0.303037
-0.267754
0.265507
-0.035903
-0.046522
0.511640
0.542269
0.362105
0.240478
-0.192466
-0.008434
1.944052
-2.193204
-0.508731
-1.488385
-0.292542
0.159651
18
1.330736
-0.542877
0.763457
-0.299110
0.147116
-0.063077
0.143264
0.456171
0.478910
0.639803
-0.202119
0.049733
1.982528
2.429760
-0.463201
1.349811
-0.201897
-0.085031
18
-1.371155
-0.378255
-0.273466
-0.693311
-0.143073
-0.185286
-0.057980
-0.195961
0.513989
-0.023258
0.026950
0.033617
1.123357
1.732133
-1.621687
1.057603
0.055262
0.061744
24
0.533255
0.768801
-1.361049
-2.204101
1.685397
-0.736259
0.852517
1.414459
0.789899
-0.030339
-1.690347
0.030116
0.597157
0.977317
-1.757069
0.047026
1.342530
0.996827
-1.302598
1.313450
1.038646
0.908403
1.456680
1.009684
1
24
-2.735741
-2.851762
1.750928
-2.412353
-2.154371
1.377232
-1.130294
1.717877
-3.239828
1.684249
1.398520
-2.471425
2.636467
-2.763908
2.764606
2.178292
2.455998
-2.304677
2.770208
-2.654082
2.234739
5.171328
2.807580
3.739316
1
-1.668347
