#number of steric atomtypes
21
#typecode, sigma, atomname, containing residues
0 1.7 0 0 2 PRO:N
1 1.7 1 0 2 ANY:N
2 1.85 0 0 3 ANY:CA
3 1.7 0 0 3 ANY:C
4 1.6 2 0 1 ANY:O
#CH3
5 1.93 0 0 1 ALA:CB VAL:CG1 VAL:CG2 ILE:CG2 LEU:CD1 LEU:CD2 ILE:CD1 THR:CG2 MET:CE VSE:CG1 VSE:CG2 VSH:CD1 VSH:CD2
#CH2
6 1.85 0 0 2  ANY:CB ANY:CG ANY:CD 
#CH2
19 1.93 0 0 2 LEU:CB ILE:CG1 
#CH2 
20 1.9 0 0 2 LYS:CB LYS:CG LYS:CD LYS:CE
#CH
7 1.93 0 0 3 VAL:CB ILE:CB LEU:CG
#CH, aromatic
8 1.85 0 1 2 PHE:CD1 PHE:CD2 PHE:CE1 PHE:CE2 PHE:CZ HIS:CD2 HIS:CE1 TRP:CD1 TRP:CE3 TRP:CZ2 TRP:CZ3 TRP:CH2 TYR:CD1 TYR:CD2 TYR:CE1 TYR:CE2
#C aromatic
9 1.70 0 1 3 PHE:CG HIS:CG ARG:CZ TRP:CG TRP:CD2 TRP:CE2 TYR:CG TYR:CZ
#C carbonyl,carboxyl
10 1.70 0 0 3 ASP:CG GLU:CD ASN:CG GLN:CD
#OH
11 1.60 3 0 2 SER:OG THR:OG1 TYR:OH
#O-carbonyl,carboxyl
12 1.6 2 0 1 ASP:OD1 ASP:OD2 GLU:OE1 GLU:OE2 ASN:OD1 GLN:OE1
#N
13 1.70 1 0 1 ASN:ND2 GLN:NE2 ARG:NH1 ARG:NH2
14 1.70 1 0 2 TRP:NE1 ARG:NE
15 1.70 3 0 2 HIS:ND1 HIS:NE2 
16 1.70 1 0 1 LYS:NZ
#S
17 1.90 1 0 1 CYS:SG
18 1.90 0 0 2 MET:SD
# no sidechain atoms
VSC ALA 0 0
#valine like virtual side chain
#resname, pdbresname, nscatoms
VSE VAL 1 3
#name,sigma,hbtype,rotameratom, bondatom,b0,angleatom,a0,dihatom,p0
CB 3.8 0 0 1 1.53 5 109.5 0 120.0
CG1 3.8 0 1 2 1.53 1 109.5 0 180.0
CG2 3.8 0 0 2 1.53 1 109.5 3 120.0
#new bonds and lengths
 1 2 1.53 0.01 2 3 1.53 0.01 2 4 1.53 0.01
#new angles and a0
 0 1 2 109.5 1.3 2 1 5 109.5 1.3 1 2 3 109.5 1.3 1 2 4 109.5 1.3 3 2 4 109.5 1.3
#new improper dihs and  imp0
 0 2 5 1 34.5 1.8 1 3 4 2 34.5 1.8
#new torsions
-2 0 1 2   2 1 5 6   2 1 5 7   0 1 2 3   0 1 2 4   3 2 1 5   4 2 1 5
#Leu-like virtual side chain, without CD2
VSH LEU 2 3
CB 3.8 0 0 1 1.53 5 109.5 0 120.0
CG 3.8 0 1 2 1.53 1 109.5 0 180.0
CD1 3.8 0 1 3 1.53 2 109.5 1 180.0
 1 2 1.53 0.01 2 3 1.53 0.01 3 4 1.53 0.01
 0 1 2 109.5 1.3 2 1 5 109.5 1.3 1 2 3 109.5 1.3 2 3 4 109.5 1.3
 0 2 5 1 34.5 1.8
-2 0 1 2   2 1 5 6   2 1 5 7   0 1 2 3   3 2 1 5   1 2 3 4
#UMC main chain only,no shadow sidechain
UMC UMC U 0
#ZMC main chain only, but with shadowed sidechain
ZMC ZMC Z 0
#ALA
ALA ALA A 1
CB 3.8 0 0 1 1.53 3 109.5 0 120.0
 1 2 1.53 0.01
 0 1 2 110.5 1.5 2 1 3 110.0 1.5
 0 2 3 1 32.3 1.8
-2 0 1 2   2 1 3 4   2 1 3 5 
#CYS
CYS CYS C 2
CB 3.8 0 0 1 1.53 4 109.5 0 120.0
SG 3.8 1 1 2 1.83 1 113.5 0 -66.0
#bond lengths
 1 2 1.53102 0.0104886 2 3 1.80601 0.0244166
#bondangles
 0 1 2 110.605 1.36061 2 1 4 109.816 1.65252 1 2 3 113.831 1.87758
#improperdihs
 0 2 4 1 32.7981 1.81291
-2 0 1 2   2 1 4 5   2 1 4 6   0 1 2 3   3 2 1 4   
#ASP
ASP ASP D 4
CB 3.8 0 0 1 1.53 6 109.5 0 120.0
CG 3.8 0 1 2 1.53 1 110.5 0 -175.0
OD1 3.0 2 1 3 1.25 2 120.0 1 0.0
OD2 3.0 2 0 3 1.25 2 120.0 4 180.0
#bond lengths
 1 2 1.53235 0.00939709 2 3 1.51923 0.014925 3 4 1.25147 0.0120898 3 5 1.2513 0.01238
#bondangles
 0 1 2 110.49 1.35301 2 1 6 109.98 1.65547 1 2 3 112.889 1.28026 2 3 4 119.202 1.64344 2 3 5 118.256 1.85601 4 3 5 122.504 1.70152
#improperdihs
 0 2 6 1 32.7081 1.98613 3 2 5 4 0.0 1.41637
-2 0 1 2   2 1 6 7   2 1 6 8   0 1 2 3   3 2 1 6   1 2 3 4  1 2 3 5
#GLU
GLU GLU E 5
CB 3.8 0 0 1 1.53 7 109.5 0 120.0
CG 3.8 0 1 2 1.53 1 110.5 0 180.0
CD  3.8 0 1 3 1.53 2 110.5 1 180.0
OE1 3.0 2 1 4 1.25 3 120.0 2 180.0
OE2 3.0 2 0 4 1.25 3 120.0 5 180.0
#bond lengths
 1 2 1.53171 0.00913848 2 3 1.52312 0.0195049 3 4 1.52177 0.0180775 4 5 1.25253 0.0101103 4 6 1.25352 0.0118596
#bondangles
 0 1 2 110.622 1.22997 2 1 7 110.002 1.6473 1 2 3 114.089 1.96042 2 3 4 113.212 1.85052 3 4 5 118.971 1.44223 3 4 6 118.19 1.39653 5 4 6 122.821 1.26215
#improperdihs
 0 2 7 1 32.5226 1.77098 4 3 6 5 0.0 0.818151
-2 0 1 2   2 1 7 8   2 1 7 9   0 1 2 3   3 2 1 7   1 2 3 4 2 3 4 5 2 3 4 6
#PHE
PHE PHE F 7
CB 3.8 0 0 1 1.53 9 109.5 0 120.0
CG 3.8 0 1 2 1.50 1 112.5 0 180.0
CD1 3.8 0 1 3 1.39 2 120.0 1  70.0
CD2 3.8 0 0 3 1.39 2 120.0 4 180.0
CE1 3.8 0 0 4 1.39 3 120.0 2 180.0
CE2 3.8 0 0 5 1.39 3 120.0 2 180.0
CZ 3.8 0 0 6 1.39 4 120.0  3 0.0
#bond lengths
 1 2 1.53368 0.0100737 2 3 1.5042 0.0121626 3 4 1.3908 0.00969811 3 5 1.39041 0.00949514 4 6 1.39284 0.0146313 5 7 1.39291 0.0147782 6 8 1.3883 0.0144101 7 8 1.38945 0.0142939
#bondangles
 0 1 2 110.662 1.29624 2 1 9 109.807 1.69961 1 2 3 113.826 1.25207 2 3 4 120.691 0.64786 2 3 5 120.549 0.618467 4 3 5 118.719 0.506394 3 4 6 120.849 0.555586 3 5 7 120.838 0.558886 4 6 8 119.89 0.658493 5 7 8 119.879 0.537643 6 8 7 119.801 0.630582
#improperdihs
 0 2 9 1 32.7106 1.9236 3 2 4 5 0.0 1.32536 2 3 4 6 180. 1.869 2 3 5 7 180. 1.89403 3 4 6 8 0.0 1.13218 3 5 7 8 0.0 1.14429 4 6 8 7 0.0 1.05417 5 7 8 6 0.0 1.01132
-2 0 1 2   2 1 9 10   2 1 9 11   0 1 2 3   3 2 1 9   1 2 3 4 1 2 3 5 2 3 4 6 2 3 5 7 3 4 6 8 3 5 7 8 4 6 8 7 5 7 8 6 5 3 4 6 4 3 5 7
#GLY
GLY GLY G 0
#HIS
HIS HIS H 6
CB 3.8 0 0 1 1.53 8 109.5 0 120.0
CG 3.8 0 1 2 1.50 1 112.5 0 180.0
ND1 3.0 3 1 3 1.35 2 126.0 1  80.0
CD2 3.0 0 0 3 1.35 2 126.0 4 180.0
CE1 3.0 0 0 4 1.35 3 108.0 2 180.0
NE2 3.0 3 0 5 1.35 3 108.0 2 180.0
#bond lengths
 1 2 1.53277 0.0100354 2 3 1.49645 0.00799332 3 4 1.37886 0.00484073 3 5 1.35496 0.00439932 4 6 1.32293 0.00552352 5 7 1.3743 0.00557264 6 7 1.32223 0.00604199
#bondangles
 0 1 2 110.492 1.38948 2 1 8 110.012 1.56669 1 2 3 113.631 1.16946 2 3 4 122.65 0.707779 2 3 5 131.051 0.729201 4 3 5 106.247 0.566995 3 4 6 109.203 0.629587 3 5 7 107.169 0.496454 4 6 7 108.487 0.615522 5 7 6 108.878 0.588682
#improperdihs
 0 2 8 1 32.5093 1.93311 3 2 4 5 0.0 1.52589 2 3 4 6 180. 1.87029 2 3 5 7 180. 2.15212 3 4 6 7 0.0 0.941681 3 5 7 6 0.0 0.842208 5 7 6 4 0.0 0.794807
-2 0 1 2   2 1 8 9   2 1 8 10   0 1 2 3   3 2 1 8   1 2 3 4  1 2 3 5  2 3 4 6 2 3 5 7 3 4 6 7 3 5 7 6 4 6 7 5
#ILE
ILE ILE I 4
CB 3.8 0 0 1 1.53 6 109.5 0 120.0
CG1 3.8 0 1 2 1.53 1 110.0 0 -60.0
CD1 3.8 0 1 3 1.53 2 110.0 1 180.0
CG2 3.8 0 0 2 1.53 1 110.0 3 -120.0
#bond lengths
 1 2 1.54857 0.0147594 2 3 1.53347 0.00929007 3 4 1.52058 0.0241385 2 5 1.53062 0.0166912
#bondangles
 0 1 2 111.403 1.25471 2 1 6 110.085 1.72875 1 2 3 110.291 1.16508 2 3 4 114.05 1.29572 1 2 5 110.622 0.969886 3 2 5 110.785 1.59636
#improperdihs
 0 2 6 1 32.8365 1.81124 1 5 3 2 33.7766 1.04015
  -2 0 1 2 2 1 6 7 2 1 6 8 0 1 2 3 3 2 1 6 0 1 2 5 5 2 1 6 1 2 3 4 4 3 2 5
#LYS
LYS LYS K 5
CB 3.8 0 0 1 1.53 7 109.5 0 120.0
CG 3.8 0 1 2 1.53 1 110.5 0 180.0
CD 3.8 0 1 3 1.53 2 110.5 1 180.0
CE 3.8 0 1 4 1.53 3 110.5 2 180.0
NZ 3.0 1 1 5 1.47 4 109.5 3 180.0
#bond lengths
 1 2 1.53204 0.00855951 2 3 1.52319 0.0154449 3 4 1.52421 0.0162536 4 5 1.52403 0.0192224 5 6 1.49488 0.0138426
#bondangles
 0 1 2 110.508 1.25764 2 1 7 109.92 1.51571 1 2 3 114.106 1.71504 2 3 4 111.551 1.73997 3 4 5 111.593 1.68699 4 5 6 111.923 2.05377
#improperdihs
 0 2 7 1 32.6502 1.80803
  -2 0 1 2   2 1 7 8  2 1 7 9  0 1 2 3  3 2 1 7  1 2 3 4  2 3 4 5  3 4 5 6
#LEU
LEU LEU L 4
CB 3.8 0 0 1 1.53 6 109.5 0 120.0
CG 3.8 0 1 2 1.53 1 118.0 0 -70.0
CD1 3.8 0 1 3 1.53 2 109.5 1 180.0
CD2 3.8 0 0 3 1.53 2 109.5 4 120.0
#bond lengths
 1 2 1.53231 0.00903891 2 3 1.532 0.0101966 3 4 1.52518 0.0177367 3 5 1.52624 0.0181162
#bondangles
 0 1 2 110.518 1.1517 2 1 6 109.931 1.48408 1 2 3 116.618 2.90208 2 3 4 110.401 1.73254 2 3 5 110.539 1.67345 4 3 5 110.7 1.123
#improperdihs
 0 2 6 1 32.865 1.75716 2 4 5 3 33.6949 1.5224
  -2 0 1 2 2 1 6 7 2 1 6 8 0 1 2 3 3 2 1 6 1 2 3 4 1 2 3 5
#MET
MET MET M 4
CB 3.8 0 0 1 1.53 6 109.5 0 120.0
CG 3.8 0 1 2 1.53 1 110.0 0 -70.0
SD 3.8 0 1 3 1.80 2 110.0 1 180.0
CE 3.8 0 1 4 1.80 3 105.0 2 180.0
#bond lengths
 1 2 1.53171 0.010191 2 3 1.5228 0.0205037 3 4 1.85041 0.0663977 4 5 1.83162 0.0779705
#bondangles
 0 1 2 110.638 1.29576 2 1 6 110.016 1.64837 1 2 3 114 1.8388 2 3 4 112.733 2.63385 3 4 5 100.098 2.42147
#improperdihs
 0 2 6 1 32.795 1.78784
  -2 0 1 2 2 1 6 7 2 1 6 8 0 1 2 3 3 2 1 6 1 2 3 4 2 3 4 5
#ASN
ASN ASN N 4
CB 3.8 0 0 1 1.53 6 109.5 0 120.0
CG 3.8 0 1 2 1.53 1 110.5 0 180.0
OD1 3.0 2 1 3 1.25 2 120.0 1 45.0
ND2 3.0 1 0 3 1.33 2 120.0 4 180.0
#bond lengths
 1 2 1.53241 0.00989501 2 3 1.51803 0.0165378 3 4 1.23417 0.00966495 3 5 1.32862 0.0103234
#bondangles
 0 1 2 110.465 1.40366 2 1 6 110.192 1.72775 1 2 3 112.708 1.08977 2 3 4 120.917 1.04739 2 3 5 116.492 1.07192 4 3 5 122.569 0.872896
#improperdihs
 0 2 6 1 32.3312 2.10237 3 2 5 4 0.0 0.904396
-2 0 1 2   2 1 6 7   2 1 6 8   0 1 2 3   3 2 1 6   1 2 3 4  1 2 3 5
#PRO
PRO PRO P 3
CB 3.8 0 0 1 1.53 6 109.5 0 120.0
CG 3.8 0 1 2 1.53 1 109.5 0 -25.0
CD 3.8 0 1 3 1.53 2 109.5 1 35.0
#bond lengths
 1 2 1.53173 0.00914863 2 3 1.49628 0.0259286 3 4 1.50647 0.0181811 4 0 1.47532 0.00621235
#bondangles
 0 1 2 103.317 0.796438 2 1 5 110.862 1.55434 1 2 3 104.324 1.48385 2 3 4 104.906 2.43011 4 0 1 111.621 0.902537
#improperdihs
 0 2 5 1 36.2884 1.8636
  -1 -2 0 4 -3 -2 0 4 -2 0 1 2 2 1 5 6 2 1 5 7 0 1 2 3 3 2 1 5 1 2 3 4 2 3 4 0 3 4 0 1
#GLN
GLN GLN Q 5
CB 3.8 0 0 1 1.53 7 109.5 0 120.0
CG 3.8 0 1 2 1.53 1 110.5 0 180.0
CD  3.8 0 1 3 1.53 2 110.5 1 180.0
OE1 3.0 2 1 4 1.25 3 120.0 2  60.0
NE2 3.0 1 0 4 1.33 3 120.0 5 180.0
#bond lengths
 1 2 1.53125 0.00919119 2 3 1.52316 0.0178835 3 4 1.51854 0.0141137 4 5 1.23479 0.0098761 4 6 1.33024 0.0113153
#bondangles
 0 1 2 110.621 1.34261 2 1 7 110.014 1.60158 1 2 3 113.837 1.85876 2 3 4 112.678 1.65697 3 4 5 120.813 1.29047 3 4 6 116.539 1.15159 5 4 6 122.628 1.17362
#improperdihs
 0 2 7 1 32.6313 1.74739 4 3 6 5 0.0 0.849446
-2 0 1 2   2 1 7 8   2 1 7 9   0 1 2 3   3 2 1 7   1 2 3 4 2 3 4 5 2 3 4 6
#ARG
ARG ARG R 7
CB 3.8 0 0 1 1.53 9 109.5 0 120.0
CG 3.8 0 1 2 1.53 1 110.5 0 180.0
CD 3.8 0 1 3 1.53 2 110.5 1 180.0
NE 3.0 1 1 4 1.47 3 109.5 2 180.0
CZ 3.8 0 1 5 1.33 4 120.0 3 180.0
NH1 3.0 1 0 6 1.33 5 120.0 4 0.0
NH2 3.0 1 0 6 1.33 5 120.0 7 180.0
#bond lengths
 1 2 1.53087 0.0100166 2 3 1.52019 0.019655 3 4 1.52357 0.0190409 4 5 1.46096 0.00960129 5 6 1.33107 0.00769065 6 7 1.32988 0.0102034 6 8 1.32764 0.00811917
#bondangles
 0 1 2 110.535 1.29507 2 1 9 109.989 1.50654 1 2 3 114.055 1.86986 2 3 4 111.758 2.03412 3 4 5 111.731 2.21136 4 5 6 124.76 1.50478 5 6 7 120.625 1.22439 5 6 8 119.663 1.08638 7 6 8 119.694 0.918281
#improperdihs
 0 2 9 1 32.7394 1.78211 4 5 6 7 0.0 2.9 4 5 6 8 180.0 2.9 6 5 7 8 0.0 0.90
  -2 0 1 2 2 1 9 10 2 1 9 11 0 1 2 3 3 2 1 9 1 2 3 4 2 3 4 5 4 5 6 7 4 5 6 8
#SER
SER SER S 2
CB 3.8 0 0 1 1.53 4 109.5 0 120.0
OG 3.8 3 1 2 1.43 1 110.5 0 180.0
#bond lengths
 1 2 1.53094 0.0095225 2 3 1.41697 0.0129389
#bondangles
 0 1 2 110.411 1.17387 2 1 4 109.797 1.37902 1 2 3 110.803 1.50007
#improperdihs
 0 2 4 1 32.6787 1.77854
-2 0 1 2   2 1 4 5   2 1 4 6   0 1 2 3   3 2 1 4   
#THR
THR THR T 3
CB 3.8 0 0 1 1.53 5 109.5 0 120.0
OG1 3.8 3 1 2 1.43 1 109.5 0 -60.0
CG2 3.8 0 0 2 1.53 1 109.5 3 -120.0
#bond lengths
 1 2 1.54332 0.0154646 2 3 1.43268 0.00869788 2 4 1.52644 0.0188664
#bondangles
 0 1 2 111.337 1.51027 2 1 5 109.495 1.78519 1 2 3 109.34 0.978031 1 2 4 111.005 1.01798 3 2 4 109.03 1.66737
#improperdihs
 0 2 5 1 32.4439 1.90934 1 4 3 2 34.9617 0.881234
-2 0 1 2   2 1 5 6   2 1 5 7   0 1 2 3   0 1 2 4   3 2 1 5   4 2 1 5
#VAL
VAL VAL V 3
CB 3.8 0 0 1 1.53 5 109.5 0 120.0
CG1 3.8 0 1 2 1.53 1 109.5 0 -60.0
CG2 3.8 0 0 2 1.53 1 109.5 3 120.0
#bond lengths
 1 2 1.54832 0.0152661 2 3 1.52733 0.0181079 2 4 1.52598 0.019306
#bondangles
 0 1 2 111.536 1.31151 2 1 5 110.016 1.80927 1 2 3 110.701 1.0811 1 2 4 110.421 1.10874 3 2 4 110.509 1.2627
#improperdihs
 0 2 5 1 32.7022 1.8164 1 3 4 2 33.7311 1.28908
-2 0 1 2   2 1 5 6   2 1 5 7   0 1 2 3   0 1 2 4   3 2 1 5   4 2 1 5
#TRP
TRP TRP W 10
CB 3.8 0 0 1 1.53 12 109.5 0 120.0
CG 3.8 0 1 2 1.53 1 110.5 0 -65.0
CD1 3.8 0 1 3 1.40 2 126.0 1 100.0
CD2 3.8 0 0 3 1.4 2 126.0 4 180.0
NE1 3.0 1 0 4 1.4 3 108.0 2 180.0
CE2 3.8 0 0 5 1.40 3 108.0 2 180.0
CE3 3.8 0 0 5 1.40 7 120.0 3 180.0
CZ2 3.8 0 0 7 1.40 5 120.0 8 0.0
CZ3 3.8 0 0 8 1.40 5 120.0 7 0.0
CH2 3.8 0 0 9 1.40 7 120.0 5 0.0
#bond lengths
 1 2 1.53336 0.0114756 2 3 1.50261 0.0171863 3 4 1.36777 0.0105427 3 5 1.4339 0.00836372 4 6 1.37634 0.00808793 5 7 1.41328 0.00716532 6 7 1.37116 0.00517954 5 8 1.40282 0.00692198 7 9 1.40015 0.00999237 8 10 1.3941 0.0139709 9 11 1.37323 0.00827186 10 11 1.40642 0.0103574
#bondangles
 0 1 2 110.576 1.39588 2 1 12 110.174 1.66335 1 2 3 114.075 2.28493 2 3 4 127.023 0.777977 2 3 5 126.669 0.846377 4 3 5 106.261 0.404423 3 4 6 110.121 0.428189 3 5 7 107.235 0.376179 4 6 7 108.948 0.459829 5 7 6 107.418 0.396288 3 5 8 133.913 0.426721 7 5 8 118.842 0.403371 5 7 9 122.44 0.394748 6 7 9 130.13 0.47684 5 8 10 118.724 0.491763 8 10 11 120.987 0.593982 7 9 11 117.5 0.46111 9 11 10 121.487 0.601787
#improperdihs
 0 2 12 1 32.5751 2.0399 3 2 4 5 0.0 1.58432 6 4 3 2 180.0 2.11552 7 5 3 2 180.0 2.07752 4 6 7 5 0.0 0.902722 5 3 7 8 0.0 0.553015 7 5 6 9 0.0 0.597599 8 5 7 9 0.0 1.09373 3 5 8 10 180.0 1.02904 6 7 9 11 180.0 0.881826 8 10 11 9 0.0 1.06561
 -2 0 1 2 2 1 12 13 2 1 12 14 0 1 2 3  3 2 1 12 1 2 3 4 1 2 3 5 2 3 4 6 2 3 5 7 2 3 5 8 6 7 5 8 3 5 7 9 8 5 7 9 5 8 10 11 5 7 9 11 7 9 11 10 8 10 11 9
#TYR
TYR TYR Y 8
CB 3.8 0 0 1 1.53 10 109.5 0 120.0
CG 3.8 0 1 2 1.50 1 112.5 0 -65.0
CD1 3.8 0 1 3 1.39 2 120.0 1 100.0
CD2 3.8 0 0 3 1.39 2 120.0 4 180.0
CE1 3.8 0 0 4 1.39 3 120.0 2 180.0
CE2 3.8 0 0 5 1.39 3 120.0 2 180.0
CZ 3.8 0 0 6 1.39 4 120.0  3 0.0
OH 3.0 3 0 8 1.39 6 120.0 4 180.0
#bond lengths
 1 2 1.53242 0.0113455 2 3 1.51121 0.0114 3 4 1.39433 0.00890897 3 5 1.39314 0.00891951 4 6 1.39208 0.0138613 5 7 1.39111 0.0131366 6 8 1.38463 0.0108884 7 8 1.38426 0.0102958 8 9 1.37746 0.00982623
#bondangles
 0 1 2 110.555 1.32452 2 1 10 109.913 1.70762 1 2 3 113.886 2.16392 2 3 4 120.933 0.680461 2 3 5 120.813 0.698673 4 3 5 118.21 0.456462 3 4 6 121.1 0.725211 3 5 7 121.146 0.536658 4 6 8 119.514 0.98487 5 7 8 119.55 0.557899 6 8 7 120.456 0.734974 6 8 9 119.835 1.12503 7 8 9 119.695 1.22208
#improperdihs
 0 2 10 1 32.6201 1.96346 3 2 4 5 0.0 1.39055 2 3 4 6 180.0 2.15432 2 3 5 7 180.0 2.17492 3 4 6 8 0.0 1.08088 3 5 7 8 0.0 1.15807 4 6 8 7 0.0 1.02764 5 7 8 6 0.0 1.04144 8 6 7 9 0.0 0.816199
-2 0 1 2   2 1 10 11   2 1 10 12   0 1 2 3   3 2 1 10   1 2 3 4 1 2 3 5 2 3 4 6 2 3 5 7 3 4 6 8 3 5 7 8 4 6 8 7 5 7 8 6 5 3 4 6 4 3 5 7 4 6 8 9 5 7 8 9
