24
96
-0.820110
-3.954071
1.164674
-0.825483
-0.948288
-0.701622
0.974757
0.322220
-5.587683
0.542408
-5.363509
0.229979
1.715248
0.554199
-0.022752
0.867856
0.917859
-1.292413
-5.949372
2.063410
0.940056
-0.768959
-0.139942
0.289874
-5.489304
13.677026
2.600542
5.464233
-0.509232
0.626230
-0.121168
0.454687
4.434298
2.520877
0.487850
-9.024969
1.528539
2.948322
-0.271309
0.232005
3.338926
6.413808
-0.004254
-0.895952
0.512650
-0.714961
-0.139075
0.099361
5.330187
-1.799100
1.156874
-6.151360
1.202679
1.189093
-0.160479
-1.045586
-0.223942
1.471710
1.707744
-0.175799
0.318447
0.379276
0.765820
-0.440741
0.851249
-0.868148
0.643369
1.327408
1.057709
-0.254075
-0.008367
-0.338001
0.891367
-1.176437
0.170026
0.768228
-0.043041
0.022464
0.342358
0.148952
1.315738
0.789975
0.847085
-1.305918
1.489187
0.642812
0.016220
0.009999
1.157297
0.027954
-1.225843
-0.219739
-0.025484
0.208468
0.371473
-0.206847
96
0.306538
-1.457237
0.123596
-0.454687
-0.350740
-0.103008
-0.102250
0.024681
-0.012828
-0.305832
-0.259948
0.497469
0.079838
0.820364
-0.115674
-0.344419
0.433538
-1.305420
0.078936
1.211058
-0.817126
-0.450068
0.407307
-0.467705
-0.367251
-3.961480
-1.158849
-1.259380
-1.129201
0.524203
-0.201269
-0.066242
2.943954
-3.613470
0.561045
2.140126
-1.286158
-0.514180
0.062359
0.088428
6.757331
-11.057491
6.499518
1.854300
1.308277
-0.866780
0.305371
0.045540
6.013913
-3.877575
9.982638
-1.685934
-2.252669
3.213878
-0.427383
0.161390
4.900022
4.843501
-8.799593
-2.238427
-1.430113
1.007057
0.255080
-0.336766
-1.140892
-3.172969
-1.114706
1.234546
0.493951
0.569836
-0.312424
-0.234396
-3.147519
2.270150
-0.392640
-0.922536
-0.034000
-0.967895
-0.119219
0.203313
0.209318
0.382958
0.053952
0.438212
-0.446824
0.102211
-0.386388
-0.183817
1.826178
-2.423274
0.072722
0.085456
-0.103180
0.129443
0.617578
0.223084
96
0.086878
-0.649173
-0.228158
-0.538069
0.284576
0.298191
0.037021
0.142943
0.665668
-0.158322
-0.607975
0.046696
-0.357453
-0.097586
0.120942
0.421633
-0.389910
-0.859397
-0.014666
1.112579
-0.360889
-0.639476
0.008988
0.260929
1.039422
0.491262
0.629705
0.342694
0.359387
-0.106811
-0.105568
0.263652
-0.504430
-0.529235
-0.518337
-0.488899
0.170169
0.600915
-0.206990
0.186930
-14.516188
2.028103
-7.480066
-1.556269
0.145662
0.751060
-0.192408
0.195607
-3.296380
-1.892777
-0.468156
-3.748540
-0.808810
1.311601
-0.312272
-0.205959
-1.719041
17.639009
-4.404813
3.310531
0.755170
0.685322
0.086821
-0.022351
-6.688879
4.223414
-0.352521
-1.272491
-0.381479
0.754051
-0.176955
0.188623
0.984191
-1.961960
-2.118863
7.066663
1.249462
2.234880
0.213637
0.496380
-1.257371
-2.584552
-2.917714
-2.004630
0.692919
-0.868234
0.034458
-0.447432
-1.033042
0.936291
0.088805
-0.051033
0.459055
-0.066697
0.160584
-0.225696
96
-0.660687
3.099140
0.064430
0.842102
1.058619
-0.795312
0.422794
-0.351231
-1.286452
2.943556
-0.935082
-1.142913
-0.479224
-0.902734
-0.470069
-0.803025
-0.176506
3.672105
1.638966
1.206238
-0.055990
-0.534399
0.414015
-0.053242
2.869795
-1.530848
4.986169
-1.387556
1.915960
-2.148263
0.013095
0.768537
-3.931903
2.678596
-2.073336
3.765633
0.302130
-1.079442
0.393423
0.417695
4.072273
-0.367192
-0.253532
2.908545
-2.231616
1.456974
-0.849033
0.898039
-0.590245
-1.512455
1.665014
1.294350
0.005738
0.655066
-0.016637
-0.022407
0.050014
-0.275547
-1.810047
-0.456392
-1.486472
0.106028
-0.223109
-0.168774
8.338500
-8.116670
-1.630624
3.990864
-0.036931
-0.631153
0.116833
0.039670
0.673840
0.800621
-0.301743
0.766270
0.242501
0.227724
-0.491403
-0.084045
-5.372428
20.729231
7.658319
3.578142
0.428105
1.197747
0.052773
0.863182
0.471736
-0.108140
-2.513582
-0.962647
-1.324555
0.273429
-0.160510
0.389267
96
-0.164974
-0.681380
-0.058170
0.303639
0.227773
0.117257
-0.234318
-0.267278
0.602266
-0.347119
0.544920
-0.378599
-0.089874
-0.266714
-0.217986
0.435799
0.413604
-1.798200
0.362134
0.666986
-0.667461
0.633668
-0.640325
-0.180433
0.334713
0.722167
-0.435133
-1.166114
-0.510349
0.122956
-0.115020
0.132782
-1.104251
-2.017720
-1.262107
1.022007
-0.080400
-0.599117
0.549966
-0.317919
-0.755010
-0.072629
-0.015596
1.497012
0.165236
-0.633243
0.094197
0.302969
-5.884708
-2.573698
-2.887983
-7.662938
1.838772
1.763044
-0.167669
0.410677
-6.517486
1.373344
0.404609
1.731057
1.810672
-0.213134
-0.191663
-0.167792
3.932283
-6.714210
1.657764
-1.791701
-3.207082
0.618075
-0.168508
-0.160600
4.554770
-2.721391
-7.626037
2.615594
-0.509843
0.322320
-0.607026
0.711973
2.551080
-3.987904
-1.681894
-0.908144
-1.189973
0.042135
-0.251460
-0.093908
1.877889
-1.036383
0.998758
0.882397
0.445216
-0.068739
-0.025997
-0.309195
96
0.059899
0.045724
-0.453853
-0.398335
0.337930
0.281732
-0.090856
0.119672
-1.176525
0.606820
-0.266562
-1.419217
-0.073401
-0.322432
0.347845
0.151246
0.421423
1.527463
0.719264
-0.113660
0.241489
0.029647
0.022410
-0.026019
1.815758
-1.459441
3.429181
1.977285
0.217533
-0.387387
-0.114815
0.207946
0.848353
-4.935498
3.398706
-0.682848
-0.950810
0.828976
0.117754
0.071905
4.096925
-9.658182
1.708519
0.380756
0.005629
-0.359499
0.207931
0.069288
4.377738
-1.531055
-1.299670
4.062666
-0.449793
-0.028624
-0.167682
0.121640
1.150509
1.660509
0.705331
1.470559
-0.569306
-0.274271
-0.177695
0.078804
0.618089
2.047956
1.372132
-0.645886
-0.284126
0.254591
0.056149
-0.052541
-0.198059
-0.864641
-0.534332
-0.939767
-0.482412
-0.279230
0.144837
-0.141670
-0.383895
-0.965034
-0.026355
0.427049
-0.215388
-0.330665
0.098654
-0.259274
-0.591276
0.432388
0.012421
-1.064266
0.068698
-0.093143
0.127201
0.260228
96
-0.351006
0.391991
0.530003
0.087624
-0.204175
0.628540
-0.736567
0.135381
0.267768
0.182302
-0.365706
-0.656752
0.328742
-0.157919
0.122157
-0.025115
0.285012
1.127166
0.417741
0.050893
0.591995
0.287766
-0.200429
0.344938
2.170527
-1.244865
4.451625
-1.532554
1.940681
-1.928043
0.160859
0.366008
1.210635
8.702898
3.265325
-1.238218
0.654244
-0.052180
-0.002954
-0.298515
2.480680
1.270268
-0.225562
-2.464945
-0.257311
-0.186403
0.225700
-0.618461
-0.645007
-0.023630
1.416201
-3.621776
1.852033
-1.836663
0.649731
-0.344170
7.767112
-7.448072
1.324415
-0.328565
0.809326
-0.648399
0.243328
0.687310
-3.581679
-4.660280
-0.220142
3.033137
0.186928
-2.842387
0.785523
-0.638481
-0.796669
1.457930
-5.054591
-2.194212
-0.956000
0.835777
-0.071445
-0.597041
-0.974392
3.357870
-0.668237
3.267159
0.789569
-0.214448
-0.138577
-1.035343
-0.486203
-0.245608
0.938337
3.240969
1.012592
-0.393497
0.174374
-0.390224
96
0.471274
-1.001865
-0.534743
-0.487896
-0.082774
-0.218398
-0.410720
-0.414003
1.313058
-0.879816
1.601879
2.093684
1.190767
0.744936
-0.636728
-0.329249
0.527689
-1.909794
0.525828
0.457661
0.096085
0.476896
-0.418818
-0.022072
0.816199
0.881572
1.036340
0.261506
0.309519
-1.122363
-0.298141
0.181307
-0.804801
-2.317599
-0.605394
0.793159
0.534637
0.341922
-0.745780
0.262831
-2.726455
-14.027611
8.015594
1.356901
0.434595
1.988926
-0.119632
-0.347236
9.184021
-5.201049
-5.825932
6.701762
0.892002
-2.134619
0.486771
0.049037
0.315450
-0.811211
4.998877
0.554458
-0.079126
2.059376
-1.280793
0.941642
2.169655
-8.095133
-8.914606
2.833810
1.146069
-5.450977
0.514699
-1.137624
2.586545
6.312700
0.342885
1.620012
4.309717
4.017748
-1.101361
-0.839833
-9.683084
-7.154193
-9.154276
10.988887
-1.955454
-1.267066
0.612197
2.003675
-2.439773
-2.283749
-3.419658
-3.430456
-3.365063
2.950907
-1.159892
0.463106
96
-0.396148
-0.784863
0.812585
-2.041481
-0.290507
0.495205
-0.128914
-0.093132
2.512266
-0.074482
-1.608409
0.326607
-0.802294
0.261106
-0.522323
-0.413083
0.642846
-2.989553
-0.316102
1.636892
-0.846931
-0.988272
0.090453
-0.226568
2.094489
-1.771770
-0.543724
0.493322
-0.135923
0.223912
-0.354327
-0.091454
-3.707416
3.690175
0.109250
0.816287
0.402997
0.007097
0.163234
0.071197
-3.791092
5.822564
0.270230
-1.544008
0.966600
0.213933
-0.210598
0.018009
3.828182
3.881846
-1.868403
-2.084647
-0.056454
0.261581
-0.246294
-0.255605
0.528769
0.451360
1.232050
1.855390
-0.385616
0.554452
0.280191
0.038394
0.251764
0.720584
1.079552
-0.978444
0.013017
-0.243438
0.200395
0.149541
0.444404
-1.521513
0.747604
-0.611128
0.244701
-0.718245
0.010446
0.037608
-0.644253
-0.143712
-0.964226
0.300181
0.194846
-1.422555
0.217739
-0.266186
-0.606563
0.924048
-0.920068
-1.274770
0.050765
-0.143467
0.152111
-0.077531
96
-3.847965
-2.618042
-4.522421
-3.296816
1.211657
-1.313917
-0.253641
-0.809628
0.948121
1.498293
-0.580249
10.913861
2.152503
0.550211
0.028622
0.303482
-2.011146
-6.533454
-5.114018
1.013054
-4.335810
0.127391
-0.871049
-0.888362
-1.577600
3.986299
0.871505
5.480554
1.143693
0.453580
-0.315865
-0.599790
-1.178981
0.582620
-4.720074
-4.311444
0.995774
-1.014801
-0.071612
0.145341
2.954044
1.697068
-0.744394
4.637404
-0.154559
1.488081
0.066481
-0.223217
4.806399
-2.869763
-2.059324
-3.183031
-0.541363
-0.548587
0.033294
-0.049524
-4.478507
2.239864
-2.738598
-1.730842
0.926619
-0.378640
-0.102678
-0.045151
1.063529
-0.322071
0.608628
0.922480
-0.964693
0.149365
-0.157711
0.188110
-1.207268
-0.232184
-0.186233
-1.283784
0.619371
0.045619
-0.035920
-0.352215
1.579579
0.013782
0.635099
0.466506
-0.428265
0.541056
0.019361
-0.120259
-0.104167
0.448777
0.325580
-1.460369
0.036180
0.073707
1.092941
-0.016510
96
-0.906924
1.109817
0.198148
1.290890
0.136814
0.296908
0.099529
-0.217096
-0.299810
-0.794926
1.083214
-0.338980
0.589370
0.046213
0.282208
-0.123437
-0.152618
0.328864
-0.442276
-0.125615
1.049591
0.636530
-0.149163
0.131954
-2.089146
-0.394803
-0.220990
-1.017635
-0.387771
-0.122206
0.046710
0.132878
-1.008117
1.222464
0.624062
0.820630
-0.216974
0.959779
-0.044194
-0.066405
-1.518032
-1.902916
-0.654642
0.501651
-0.219294
0.668583
-0.023760
0.473246
3.441748
4.726147
-8.808348
-0.142456
0.427172
-3.535259
0.644318
-0.379800
-4.884727
5.142769
1.028415
3.902206
0.316267
-0.237699
-0.041153
-0.115909
0.488292
-3.155906
-1.902750
-1.088099
-0.136176
-0.492999
-0.385287
-0.064371
0.168797
-0.426809
-0.173665
0.413240
0.472730
0.204723
-0.162050
0.094514
-1.202309
-1.869046
-1.936489
0.343552
-0.634097
-0.036102
-0.065943
0.459181
-0.217620
0.207852
-1.511948
0.992208
-0.556125
0.475385
-0.397654
-0.106772
96
0.687480
-0.374876
-0.439474
-0.348490
-0.196622
-0.110300
0.088261
0.261689
0.064363
-1.212924
-0.622851
-0.142466
-0.362569
0.685149
-0.315689
-0.048502
-9.884562
13.361547
2.520556
6.337638
-1.175061
0.889941
-0.336812
0.071046
0.240044
-0.327478
-0.418632
-1.520301
0.645583
0.257310
0.194756
0.332683
-0.750537
-0.189665
0.157612
0.738216
-0.032622
0.285450
0.174919
0.213235
2.907258
7.569664
1.539431
5.833993
1.596838
1.716466
0.079645
-0.033897
17.097975
-0.846227
-8.638525
1.851277
0.123211
-1.464593
0.438169
-0.231050
-3.892885
0.383715
1.588082
-2.630409
1.106259
-0.509264
0.162096
-0.649782
-0.480623
3.375757
-0.317245
2.378474
-0.391961
-1.497847
0.007743
-0.022189
-0.171049
2.867953
0.837290
2.867587
-1.377317
1.609158
0.735806
0.235560
-1.118896
1.944122
-0.281183
-0.685009
2.618021
-0.244954
0.147611
0.616280
-1.950827
1.747566
3.334277
-0.749730
0.341377
-1.012726
-0.060592
-0.040864
96
-0.225174
0.976514
1.274118
0.925338
-0.132554
-0.091428
-0.436196
-0.236066
0.810182
-1.032695
1.949963
-0.795803
0.701098
-0.387208
0.371047
0.883012
-0.416946
-1.492814
-0.626069
1.125017
0.424763
-0.333441
0.768887
1.131228
6.472667
-3.469849
0.445159
-0.947169
0.713126
-1.492531
0.833293
-0.101445
0.283212
-3.670720
5.271438
1.965174
-1.579639
-0.706758
-0.986605
0.013338
4.358094
5.482497
-3.698724
-4.327947
-1.188238
-2.408215
1.137389
0.308778
1.133671
7.700406
0.686557
-3.512318
0.512214
-0.054516
-0.958380
-0.295782
-1.891162
6.503761
4.720435
-0.901823
0.263066
-0.758913
-0.043394
0.240373
1.434371
3.347283
1.282569
0.461870
1.667876
-0.009542
-0.146340
0.391440
1.510739
-2.974467
0.662248
3.092816
-0.757916
1.547489
0.666192
-0.129115
2.442900
-3.534898
-0.740471
1.674115
0.688229
0.865132
-0.060060
0.397456
1.763880
-0.173631
-1.178029
0.029921
-0.545123
0.372929
-0.844620
-0.146828
96
0.328852
-0.662064
0.420080
0.025210
-0.095569
0.232760
-0.184283
-0.104886
1.137857
0.573664
0.342433
0.903007
0.795292
0.589926
-0.017404
-0.041409
-1.103783
1.446350
-0.516220
0.317571
0.768013
-0.155267
0.087095
-0.183567
-2.687611
1.440633
-1.859748
0.005691
0.810432
0.579701
-0.105971
0.391713
-3.978998
8.717758
0.442341
4.952635
0.484886
1.785298
-0.135829
0.149591
-3.708971
5.914708
2.276875
1.064216
-1.010068
0.596092
-0.071964
0.285360
2.940512
-1.257557
-1.108272
-3.664444
0.614560
0.978796
0.456643
0.081465
-0.004955
0.227409
0.258120
-1.181606
-0.461646
-0.200330
-0.118834
-0.398874
1.899307
-1.503808
-1.465639
-1.922033
1.024490
-0.063290
-0.369817
0.015263
1.188083
-0.146011
0.187202
0.613062
-0.285967
0.154282
-0.256189
-0.282055
-0.174101
-0.430706
0.783576
-0.923442
-0.429969
0.793976
0.577025
-0.074924
0.937866
0.218567
-2.028488
0.517698
-0.728171
1.025667
0.072774
-0.007740
96
7.199849
-2.933303
0.707687
-4.862527
7.344501
2.371239
1.534899
-1.501558
0.427745
7.729920
-0.874050
6.178576
-2.310272
3.141492
-0.969781
1.807412
-0.374525
-3.332650
-3.789733
-4.303637
2.517735
1.354203
0.078080
-0.161523
-1.492233
1.119170
-0.613866
8.282022
0.646465
-1.537704
1.455848
-0.547377
-0.621839
-3.051212
-4.915606
3.307209
0.175178
1.588862
-0.942142
-0.207011
4.876037
-0.342153
0.977476
-3.126193
0.964972
0.383721
-0.287374
0.644971
-2.262786
-2.358056
4.710284
10.366010
-0.971168
-0.869731
-0.386478
-0.001126
2.377889
-1.412078
0.990262
-0.714135
1.466491
-3.037330
0.679063
1.215854
1.531187
3.804904
1.348663
-0.682758
0.883006
-2.329128
-0.213463
-1.074937
0.787106
0.709772
-4.549198
-2.087065
-1.364461
-0.629208
0.063848
-0.376448
-0.251391
-0.892257
-0.002921
4.101182
0.604909
-1.183514
0.618361
0.422009
-0.910342
-0.661544
0.632945
-1.209448
-0.594359
-0.010841
0.743917
0.108226
96
-0.210040
-0.846806
-1.001362
-0.565384
0.349218
-0.033560
-0.068107
-0.122723
-1.105236
0.623433
0.612745
-0.134158
-0.096379
-0.495859
-0.241723
0.050051
0.244216
0.950860
-0.686833
-0.317322
0.009760
-0.374735
0.378359
-0.018725
1.329020
1.327611
1.258608
0.206216
0.932180
-1.150351
0.000250
0.215846
-0.879104
-0.241544
0.866993
-2.081815
-0.072545
0.516545
-0.320751
-0.271226
-9.209509
2.860123
-1.829556
-5.408625
-0.414266
0.134086
-0.332309
-0.007676
-10.259254
1.807105
-9.411523
-0.476913
0.794765
-1.614098
-0.764782
0.504993
-0.104180
-5.759285
-1.929511
1.130107
-2.422360
0.866882
0.439678
0.310261
-2.239593
-2.120902
-1.334301
-0.974850
1.034186
-0.234551
-0.195738
-0.019486
-2.415779
3.970923
-1.929250
-0.251846
0.214038
-0.153116
-0.177911
-0.115870
2.423601
0.880011
2.423222
-0.949407
-0.131073
1.366045
-0.449922
0.128336
-0.248951
-0.504671
0.487815
-0.703746
-0.367032
-0.495305
-0.279978
-0.001816
96
0.491621
-0.603406
-0.649060
0.714906
0.140730
-0.555758
-0.498019
0.056025
-0.343229
-20.800920
9.900315
-3.033355
0.476975
-1.220084
0.121811
0.120790
7.367653
2.461845
7.456227
-0.382608
-0.378258
1.738263
-0.048280
-0.473241
6.470604
2.829217
-5.093232
-3.374896
-2.381128
-0.840095
0.192779
-0.060312
1.185575
4.413879
3.567650
6.377792
-1.184637
-0.144278
0.398227
-0.411146
2.755280
4.031598
-0.659284
-1.685485
-0.572875
-0.686888
-0.156746
0.197223
-9.238775
5.067043
-1.685013
0.187462
0.850453
-0.924425
0.536140
-0.240832
0.554176
0.152355
0.001774
0.615890
0.216588
0.253715
-0.172099
0.030193
-0.069872
0.597985
0.343813
-0.259400
0.150683
-0.059925
0.059198
-0.223875
0.510693
-0.019679
0.628353
0.703875
0.405996
-0.119444
0.235836
-0.020376
-0.100873
-1.033475
-0.304108
-0.507488
0.370471
-0.089615
0.006924
0.001234
-0.211717
-0.010582
-0.229711
-0.109775
-0.266643
0.109996
0.156564
0.145402
96
0.099190
-0.554769
0.344342
0.634353
-0.256218
0.024285
0.205066
0.050801
-0.099570
-0.862631
0.151884
0.173814
0.082501
0.331863
0.208086
-0.191285
-0.351867
0.223182
0.873499
-1.240781
0.110031
0.828555
-0.406663
-0.043165
-4.786318
-1.622352
-1.875185
-1.158266
-0.204983
-0.342200
0.063386
0.277809
-3.647648
-0.332215
-2.185882
2.365651
-1.231606
0.446586
0.223624
-0.206250
-16.329065
-2.994316
1.244753
-7.057172
-0.204398
-0.720641
0.124263
-0.143112
-1.104271
-2.832662
-0.360709
-7.244917
1.925161
1.529446
0.566426
0.192067
-1.963578
-2.886515
0.003423
0.427324
1.473787
0.111717
0.285734
0.233587
-0.086338
-3.901009
-1.292549
-0.698314
-0.293246
-0.305393
0.733738
-0.327719
-0.290646
0.261778
0.725570
-0.955959
0.050775
-0.686228
-0.198405
-0.070563
-1.058391
-1.642329
-1.817958
1.543458
0.025343
-0.248792
0.209291
0.014818
0.551262
-0.018454
1.252880
1.893030
0.719654
-0.225422
0.056696
0.184623
96
-0.073188
-1.687634
1.304592
0.168156
0.000866
-1.538359
-0.853829
-0.615606
1.885256
-1.577690
3.532962
-0.214447
1.048881
0.341006
0.009087
-0.063180
1.105666
0.753893
2.657208
1.983580
0.486075
-0.189655
-0.536549
-1.400078
-3.450214
0.922129
-1.011297
-2.856796
0.071984
0.337710
-0.096189
-0.173207
0.722358
3.946628
2.127275
1.155316
-0.489933
-0.853093
0.649118
-0.405621
5.061966
11.080015
-2.152653
8.251479
1.425153
1.302991
0.313968
0.241612
-3.956230
-2.388328
3.287714
4.993299
1.601592
2.071909
0.247754
-0.560510
-2.222823
-0.831191
-0.193894
-1.781045
0.233309
-0.856229
-0.537899
0.337736
1.284244
-2.195352
-0.392492
-1.918374
-1.271982
-0.155144
-0.236708
-0.236320
-2.882502
-0.194273
0.817821
-0.439333
1.399373
-0.672550
-0.972894
-0.101857
-1.449962
-1.223964
-0.987296
-0.902184
-0.501187
0.407511
0.377736
-0.758583
-1.359788
-0.970311
0.358044
0.552232
-0.595770
1.419386
-0.109400
0.513131
96
0.523782
-1.044858
-0.529432
-0.010267
2.092922
-1.266318
-0.703619
-0.311384
-4.027127
7.680359
0.376859
1.010370
-1.506948
-3.121511
0.492281
-0.558292
0.038389
-2.529790
5.416551
-5.364418
2.906717
0.370131
-0.998385
-0.665136
6.815081
-1.924380
-3.759320
-3.665037
-2.368535
-1.043633
-0.740433
-0.229525
8.924788
-3.130663
-2.744788
-2.961438
3.288111
1.480173
-0.425703
0.157814
-1.388082
9.273951
5.899020
3.862195
-0.184965
1.667815
-0.215790
-0.546603
4.763622
5.267492
-0.684845
-2.498069
1.999331
-1.410902
0.123139
-1.532809
3.334107
-0.049110
-1.251285
-1.597626
-1.024354
-0.577065
-0.557380
1.042925
1.993788
0.505194
-0.887375
3.316206
1.916303
-1.221796
-0.290577
0.765388
2.049249
-1.898530
1.005627
-1.215033
0.246683
1.047420
-1.047494
-0.317817
-1.196781
-1.018288
-1.612437
2.500802
1.026320
0.077747
-0.156377
0.121290
0.565211
2.103329
1.328935
-1.153804
1.935647
0.106169
-1.233090
-0.803414
96
-0.703548
-0.820748
-1.928836
-0.824679
0.349521
-0.399083
0.341202
0.146202
2.888293
-1.117460
0.830593
1.086162
-0.603870
1.562077
-0.726693
-0.742559
-0.601062
-1.368986
-1.200565
1.493742
-0.171527
-0.142453
0.335697
0.580174
0.276045
-2.946308
2.065598
-3.365195
-0.245121
0.138434
-0.995791
-0.106017
-4.359557
-4.136363
-6.054315
-5.999540
1.320313
-1.930644
0.483423
-0.616324
5.949833
4.021831
-2.053415
-3.625264
1.583315
2.789330
-0.488662
-1.146497
-4.632280
-4.016570
-4.452888
2.734556
0.436544
-2.516653
-0.198022
-0.396760
-3.166210
5.099181
-3.776554
-1.178027
-0.249601
-1.218846
-0.160026
0.389031
-0.866958
2.216421
0.171312
-1.228242
-0.933069
0.590572
-0.175466
0.727418
-0.526673
0.619370
-0.852661
-0.500557
0.956476
0.167399
-0.149292
-0.092646
1.505807
-0.706548
-0.417671
-0.625708
-1.441276
0.601632
-0.654751
0.095090
0.122533
1.100802
0.201521
-0.565071
-0.236248
0.468863
-0.245270
-0.475957
96
2.209529
-4.509850
-1.302538
-2.146418
-0.163574
1.207003
0.274004
-0.135893
-0.277556
-1.255317
1.606387
6.048534
1.904625
3.436949
-0.272936
-0.720235
0.280381
-4.856555
0.090710
-4.224116
-0.593967
0.742475
0.050373
-0.364334
-0.718311
-0.032084
-3.715441
2.745836
0.194778
-0.614633
-0.567480
-0.104979
2.421103
-2.139225
-0.584107
-3.484990
-0.566173
0.221889
-1.325094
0.245273
2.777722
5.756228
-0.262143
0.522686
1.072652
-0.048080
0.470460
0.393469
15.640063
-10.825258
-4.671069
9.753729
-0.224006
-1.704930
0.010785
-0.229946
1.943727
-0.409382
1.510287
0.956322
0.567124
0.210899
-0.136507
0.491896
6.590874
-17.926376
-5.960853
-4.775055
0.228380
-1.747979
0.148884
-0.662791
-1.305708
-0.751965
0.089062
-1.094621
-0.507719
-0.598886
-0.049199
-0.052547
-0.117669
-0.848435
-0.373114
0.113973
0.140115
-0.294576
-0.292412
-0.188989
-0.405044
0.460706
-0.085307
-0.241756
0.575616
0.009401
0.295766
0.123494
96
1.889869
-1.296764
-0.463905
0.820823
-1.518028
-2.617204
0.528657
0.049884
6.451009
0.546107
-2.775168
-0.314746
-3.128258
-0.167026
0.478944
-0.743114
-0.286258
-0.063188
0.869517
1.417930
-2.259712
0.663885
-0.876992
0.330200
-2.832129
0.851653
0.055319
-1.984358
-1.012483
0.652446
0.162366
-0.928909
1.962871
2.847421
-3.216607
2.262651
-0.122733
-3.283833
0.315505
-0.896147
-1.907578
0.876313
0.861092
4.972522
0.028250
-1.268053
-0.139259
0.101583
6.097606
-5.277964
-2.501436
1.015938
-0.333436
-1.168499
0.748712
0.149941
-0.207232
-1.510175
-2.832886
-0.091412
-1.232498
-1.108875
0.708762
0.081050
2.265730
-0.105719
3.815845
-2.012202
-1.154632
0.484216
0.503551
0.291617
2.939945
1.269095
2.553145
-1.226369
2.581111
-1.721706
-0.176945
0.663383
5.019665
-0.348219
0.964847
-3.045626
1.776464
-0.151258
0.377264
0.366921
3.942206
-1.534408
0.429417
1.595002
0.315871
1.121568
0.130443
0.329502
96
-2.463781
11.354493
4.915420
1.570174
-0.119103
2.318084
0.371536
-0.100636
1.946012
0.768296
-1.391212
0.055785
0.243908
0.611049
-0.496395
-0.476768
0.134099
-1.717013
-0.446178
-0.344652
0.252601
0.032214
1.237811
0.496848
-2.998116
-0.911892
-1.068242
0.541287
-0.439123
-0.771955
-1.126265
-0.124883
-0.500908
-3.822281
-1.958975
-1.559830
0.778341
-1.181404
0.485386
-0.165563
-5.434910
-7.819328
-1.603266
-4.701750
-0.689580
-1.995347
0.568591
-0.484707
-3.914070
-9.065681
4.172323
9.205009
-0.487586
-1.849970
-0.153380
0.403258
0.693100
-0.790245
0.915637
-2.019491
0.851186
-1.560793
0.402707
0.463072
-2.011858
1.404267
-0.299973
2.348476
2.385144
-2.254192
1.218721
-0.085528
0.359287
0.933609
3.200426
-1.947121
1.220280
-2.007084
-0.102145
0.359414
0.022808
-2.724924
0.969227
1.268267
0.662414
-0.630607
0.712400
-0.854587
0.817460
-0.049338
0.909235
-0.110658
0.299594
-0.138290
0.127323
0.048605
24
-4.821280
-6.117835
-11.419288
-10.211792
-15.330366
-4.488136
-11.813007
-3.907761
-7.195621
-4.555604
-1.007131
1.797130
-4.064136
-8.255480
-1.079468
-6.452189
-10.636846
-10.163690
2.167608
-3.524628
-6.025474
-7.872512
-3.740952
-9.400446
3
24
-0.229265
-2.226709
0.331987
-3.740292
2.783926
0.673824
-0.937922
1.281650
-3.458931
-2.798494
-4.569651
-3.413615
0.078756
0.962820
-0.187851
-5.075371
-1.015554
-2.960208
-3.061711
-0.627229
1.762422
3.068748
1.831236
-3.742424
24
-0.213334
-0.914512
1.097104
1.478289
-0.481555
-1.855689
0.324164
-2.190252
1.208741
0.058164
2.098940
1.676389
-0.656398
-3.057214
1.060915
2.763886
0.054692
1.005768
0.564486
-0.826515
-0.785847
-2.349082
-1.044458
-0.062783
24
1.177508
1.133907
-0.688466
2.292841
1.365742
0.417154
0.923010
-1.448504
3.086035
-1.296431
0.915877
1.732740
0.808462
-1.456782
1.662116
1.464738
1.840854
0.245742
-0.461343
0.955334
0.707997
-1.718739
0.792793
-0.194372
3
0.0
0.0
0.0
