48
72
-0.524310
-0.104442
0.799287
1.115458
1.040999
0.789627
-0.308428
-0.869292
-0.693781
2.332979
-0.005966
-1.079775
-1.010637
-1.018031
-0.124613
0.674209
1.601433
1.908038
-0.087607
-0.601435
-1.443256
-2.379731
-2.439369
-1.111714
2.159177
2.412955
0.251050
-0.574144
1.631194
1.425664
0.937615
-0.442225
0.488165
0.049196
-0.655373
-1.006570
-2.253104
-1.544603
-0.420165
0.762019
0.787794
0.984920
1.336875
-1.818272
-2.159954
-0.635956
0.236904
0.286989
0.179551
-0.735069
-0.864203
-0.681800
-0.450892
-0.417699
-0.524429
-0.190202
0.374584
0.544618
0.335936
0.235524
0.269709
-0.023583
-0.574313
0.458464
0.996846
0.627277
1.173345
0.604663
-0.004082
-0.333316
-0.265501
-0.085553
72
0.424242
1.534135
-1.763434
-1.127412
0.056474
-2.298711
0.046196
-0.070123
1.845509
0.376208
-0.898133
-1.691623
-0.303268
2.343422
-0.052343
-1.054781
-1.091923
0.044957
0.249047
1.572266
0.883578
-1.812425
-0.134016
-1.957951
1.216558
-1.872277
-0.583796
-0.913783
0.359517
-0.826932
-0.264511
1.548595
-1.607924
-1.336140
-2.078553
-0.205792
-1.289064
-0.666343
1.006987
-1.903389
-1.684859
-1.209837
-1.425380
0.897137
0.057210
1.432561
-1.694593
0.342889
-0.558521
0.173428
-0.049536
-0.127730
-0.351045
0.003864
-0.716087
1.224671
0.559991
-2.904741
-1.737307
-0.849515
1.867806
-1.170398
-2.908677
1.303744
1.127684
-1.988316
-1.898275
2.997450
-0.349923
-1.003415
-1.228644
-0.837466
72
0.011128
1.091217
-1.580758
-0.723847
-0.982783
0.247916
0.142257
-0.356279
-0.574374
-0.968113
-0.706993
-0.115951
0.152143
-1.737615
-1.794637
-1.406830
-1.642903
-0.689413
-0.862142
0.119619
-0.747712
-0.382787
0.774465
1.071594
0.616284
-0.148211
-3.018110
-0.073959
1.575570
1.359382
1.792295
-1.978435
-0.011949
-1.509354
-2.526494
-0.451229
-0.240767
-0.010160
0.558113
0.729927
0.226206
-2.794861
-2.130607
-0.045478
-0.556910
-1.160309
0.287734
1.252918
-0.931053
0.501130
-1.092554
-0.640880
-2.600628
-1.377319
0.987637
1.512503
1.442682
-0.434198
-1.814345
-0.900550
-0.820100
2.195660
-2.139299
0.932789
0.564343
1.684085
0.402684
-1.525397
-3.318931
-1.121459
-0.584708
-0.518880
72
-0.675054
-0.738383
0.265427
0.330616
0.214294
-0.200417
-1.079870
-0.669920
-0.556263
0.540020
0.037574
-0.210619
-0.616139
0.139874
0.302723
0.127470
-0.012490
-0.369496
-0.915745
-1.185570
-0.068534
-0.215017
-0.499210
-0.883838
0.204002
0.822904
-0.303895
-1.914499
-0.793189
-0.632439
-1.359860
1.124701
1.279692
0.928916
-0.468094
-1.124469
-3.342114
-0.138696
1.413354
1.130727
0.976690
1.332787
0.044228
-1.762474
-4.475094
-0.885112
-1.281420
-2.445669
-2.351423
-0.049700
-0.409019
-0.168799
0.299946
0.527667
0.910330
1.233688
-1.108882
-3.735728
-2.689819
-1.913050
-0.872849
1.123457
1.129389
-0.503786
-0.761319
-0.631842
-0.451016
-0.899130
-0.635060
-0.767911
-0.307889
0.009230
72
-1.912983
-0.307455
0.007922
0.324010
0.455463
0.569534
0.231752
-2.416997
-4.701460
-0.461883
-0.053663
-0.787548
-0.627893
0.014553
-1.923758
-1.233408
-0.381228
-0.354101
0.250131
-1.369997
-2.211718
-1.566808
-1.456810
-1.281364
-1.389026
0.718538
0.516308
0.978351
0.123453
-1.579639
-1.767634
0.131643
-4.039683
0.104518
0.583515
0.705247
0.986845
-0.492767
-1.466147
-1.334768
-3.494408
-2.784721
-0.729056
1.808995
1.275546
0.091169
-2.032569
-1.426035
-0.957149
-1.173051
-0.287945
0.142357
0.475582
0.557362
1.448339
0.712067
-0.195355
-2.194342
-4.478560
-1.433221
-0.761035
2.110129
1.472931
0.569415
-2.313171
-4.280847
-2.969632
-2.409302
-0.273404
0.083701
0.677270
1.051759
72
0.073397
-1.521731
-0.529160
0.342989
0.499433
-0.448296
-2.403425
0.890734
0.496977
0.836938
0.531440
-0.796048
-2.435042
0.913598
-0.744819
-0.079549
-0.615929
-0.731679
1.048746
1.059417
-0.901309
-3.179251
-0.966765
-1.733265
-1.281674
-0.078016
0.757680
-0.147410
2.051722
1.701818
2.130281
1.012079
0.519530
-3.468607
-1.257054
-1.156275
1.477981
1.162981
0.145253
-3.081377
-1.431985
-1.870497
-3.560371
0.945324
1.094529
0.045812
-0.716341
-1.097621
-1.420774
-0.726898
-0.406937
0.031817
-0.526068
-0.967471
-1.081215
-0.728696
-0.986725
0.086478
-0.126809
-0.181196
-2.683686
-0.554334
-1.422377
0.646468
-0.592338
-0.675589
-0.025492
-0.759802
-0.294775
-0.463273
-0.647765
-0.657946
72
0.016433
-0.017412
-0.581972
-0.627929
-0.260333
0.630667
-0.600574
-0.905883
-0.345420
2.904326
1.306991
0.370216
0.975766
-2.386319
-3.685736
-0.950631
0.771998
1.333077
-1.679169
-0.584325
0.854255
1.278334
0.978267
-0.255435
-2.661938
-3.141757
-3.873321
-2.468140
1.704194
1.517573
2.015177
0.934125
-0.824326
-2.412086
-3.834933
-3.307530
1.753360
0.733479
-0.895378
-1.992572
-3.137524
-3.547865
-4.060071
1.405680
2.249345
-0.940553
0.319989
-0.983550
-0.146905
-2.373087
-0.179236
-0.285047
-0.581831
-0.688633
-0.834632
-0.575388
-0.959064
-0.281891
-0.265060
0.036806
-1.260615
0.451014
-0.854830
-0.840052
-0.384138
-0.788298
-0.015320
-0.355669
-0.624464
-0.478431
-0.634634
-0.763131
72
-2.151342
-5.057768
0.998794
0.395321
0.279440
0.237432
-0.422376
0.341925
-1.800229
-0.889020
-1.174779
0.103981
-2.911531
1.902745
1.628248
1.541607
0.737357
-0.760188
-2.191192
-2.142152
0.891236
0.831450
0.534429
0.139234
0.047536
-0.729553
-1.019084
-0.910335
-3.440343
0.537101
0.138953
0.802895
0.622628
0.277118
-0.644587
-2.369557
-3.859033
-2.773804
1.466111
1.544986
1.176706
0.190430
2.449710
-1.438161
-2.865637
-0.321237
1.848881
1.664948
0.106903
-0.568181
0.023908
-0.568472
-1.761086
-2.129715
-2.926700
-2.170242
-0.057380
-0.242244
-0.601040
-0.473946
0.112513
0.048135
-3.893764
0.555864
1.339531
1.011336
1.134505
0.616404
-2.427205
-1.637398
-1.952721
-2.159973
72
1.079251
-1.036996
-1.863495
-1.318279
-0.963299
0.044613
1.013900
0.912080
1.063892
-1.326674
0.636857
1.075586
1.325922
-1.420000
-2.901251
-1.508429
-1.529824
-1.239056
2.643980
2.261822
-2.126536
-3.888997
-3.332648
-1.875692
0.356078
-0.511877
2.336803
-2.120843
0.383104
1.673011
2.263626
0.797070
0.768853
-0.352021
-2.136561
-3.222651
-2.460732
-1.546968
0.817158
0.829058
1.317521
1.761308
-0.069304
-0.783009
-1.425883
1.361500
-4.228568
-5.332608
-3.104596
2.295535
2.504457
1.730033
1.812268
1.793429
-0.408843
-1.330270
0.457225
0.176487
0.510849
0.135660
-1.100902
-0.678171
0.115501
0.056532
-1.313401
-0.205498
0.439591
0.007120
0.160079
-0.149141
0.069703
0.191167
72
0.320093
-0.034871
0.162532
-3.270102
-3.701767
-1.291522
-0.318456
1.652018
0.797004
-2.310402
-0.555576
-2.926641
-1.314477
1.058381
0.636974
-0.077776
-1.332471
-2.431920
-1.173257
-1.767466
-0.229602
0.573590
0.511229
0.664599
0.437504
0.776493
-0.443787
-1.021647
-3.004165
-2.031526
-0.201566
0.996518
2.090732
1.376616
0.469598
-0.823263
-1.071955
-1.430911
0.648482
0.772968
0.685175
0.077168
-1.851324
-1.188429
-1.400184
1.741006
-2.369381
-1.565313
-0.378395
0.340231
0.155028
0.131143
-0.155684
-1.320062
-3.015317
-2.969524
0.713514
0.367190
0.341008
-0.136490
0.684649
-1.174153
-3.080681
0.047509
-1.318726
-1.842185
-1.569161
-0.659692
0.020628
-0.132978
-0.561507
-1.322536
72
-1.135444
-0.200032
-0.010764
0.857210
0.823340
1.062675
0.075746
-1.202243
-1.738324
1.484327
-0.252953
-0.319732
-0.184346
-0.613183
0.009466
0.274412
0.764192
1.044777
1.779014
1.130955
-0.101276
-1.569893
-1.917285
-2.692184
-3.150684
2.416932
1.845290
-0.072546
2.537626
2.882709
3.008300
-2.363945
-2.020161
-2.830573
-3.266466
-3.507010
-2.178861
-1.149125
0.368187
1.889710
2.216178
2.550118
2.587142
-2.584472
-2.134256
0.336377
-0.240563
0.376665
-1.559135
-0.770375
-0.327938
0.384483
1.102869
1.311379
-3.733392
-1.810197
1.221086
1.538533
1.584851
0.993725
2.578864
-0.130123
-3.472323
0.648393
2.194260
2.204961
2.148736
-3.455245
-2.093772
-2.064976
-1.724517
-1.185581
72
0.676355
0.525095
-1.107254
-0.826733
-0.191041
0.570721
-1.571453
-0.503730
0.365982
-0.612946
0.215747
-0.296024
-0.118731
-1.107265
-0.698361
0.354214
-0.523474
-0.632782
0.989843
1.238284
-0.566720
-1.188526
-1.333369
-1.600003
-1.133689
0.692795
1.135731
-0.637138
1.780162
0.980288
1.478085
-2.351383
-2.829072
-1.652163
-1.268756
-1.344592
1.485941
0.950334
-1.294170
-2.714086
-1.907817
-1.634001
0.283086
0.387881
1.239122
-0.996457
-0.677540
-1.533823
-1.111179
-0.993366
-1.273361
-0.248159
0.213166
0.610370
-0.124808
0.275180
-0.065617
-0.550089
-0.669425
-0.411327
-0.351192
0.164432
-0.213251
1.492528
-0.467215
-0.775757
-0.126797
1.403886
0.628904
0.631182
0.654667
0.603952
72
-0.542779
-0.352440
0.115607
-0.058927
-0.265076
-0.556747
-0.894523
-1.300801
-0.621217
0.036077
-2.285650
-4.176515
-2.457328
0.272510
0.093488
0.793188
0.855759
1.010527
-2.005262
-0.323723
1.123882
1.222054
1.156801
1.019876
0.213352
-1.616025
-2.540149
0.246362
-0.047561
-2.817229
-1.646758
-0.354468
0.387760
0.886253
0.954962
1.030982
1.438530
0.516006
-0.021331
-3.275887
-4.057487
-2.552050
0.007130
1.827932
1.803698
-1.079166
1.457979
1.468024
1.268203
0.842734
0.175336
-0.552837
-3.420786
-5.025311
-1.636907
-0.940073
-0.763739
0.736793
0.946582
0.919288
-0.595541
0.066111
-1.118397
-1.096425
-0.390542
-0.378063
0.392950
-0.135470
0.102442
-0.522399
-0.998456
-0.957701
72
-1.374427
-0.888636
-0.146857
-0.579310
-0.574770
-0.259369
-0.958266
-1.497232
-1.481847
2.909987
-0.468592
-1.192899
-1.840570
-1.578336
-3.010113
-0.372433
0.491378
0.973492
1.336937
0.582282
-1.620216
-4.608193
-6.860213
-0.922726
2.406223
1.614821
1.242788
0.874837
-2.808491
-4.217449
-2.801615
-1.107157
1.151661
2.498356
2.464592
2.446824
2.422415
2.662571
0.389072
-1.755413
-4.185593
-3.289225
-0.259900
0.133431
2.074333
-1.115204
-0.422889
0.222645
-0.015343
-1.208444
-1.524234
-1.148270
-1.105835
-1.134650
-1.491897
-0.579776
-0.239585
0.232430
0.043965
-0.253276
-0.796484
-1.904564
-1.573340
0.704017
-1.297502
-1.235258
-0.936728
0.081216
0.023480
-0.193803
-0.582319
-0.782545
72
-1.526410
-1.838161
1.577677
1.115000
0.882478
1.441351
2.665832
-0.692469
-1.305596
-1.253935
-1.769619
-0.870487
-0.512912
1.619643
1.720921
0.631824
-0.715804
-1.370244
-2.062498
-2.460661
1.807254
1.908747
1.826506
2.137150
1.294870
-0.242703
-1.697825
-0.833487
-2.441061
-1.021443
-0.100062
0.812930
0.909462
0.323673
0.057997
0.151979
-1.251450
-0.724237
0.970219
1.238827
1.111427
0.732563
1.629610
-1.389758
-1.209560
-0.489813
1.444955
1.766465
0.428382
-0.875194
-0.340993
-0.709497
-1.329123
-1.810786
-2.012376
-2.447893
0.652932
1.604924
1.380582
1.248858
-0.306364
-1.687842
-2.294395
-1.498073
0.718638
1.017530
1.093075
0.871759
0.527818
0.032090
-1.196369
-1.606456
72
0.999682
1.363105
-1.455223
-3.917675
-2.738033
-2.942716
1.570516
0.025332
0.673093
-0.352707
1.395868
1.558089
1.566122
-0.849884
-1.116056
-1.078375
-0.657750
-0.505988
-0.060864
0.432854
0.374570
1.020404
0.957695
-0.197198
-1.938025
-0.312830
-0.727771
-0.517270
-4.939435
-2.120261
-1.291010
0.949733
0.530041
0.752517
0.216083
-0.303507
-1.085361
-4.914313
0.347943
1.047838
0.655942
-0.197692
-1.194810
0.421546
-0.425512
-0.700039
-1.774611
-4.340653
-1.918422
-0.443881
1.686939
1.542410
0.329330
-0.695975
-1.278937
-2.604417
1.294595
1.225191
1.006549
0.132041
-2.485716
-0.853243
-0.828430
-0.481299
-1.247651
-2.380192
-2.725373
-0.067898
1.188944
1.258610
0.569949
-0.455387
72
-1.138548
-2.225131
3.145831
2.088000
-1.834448
-0.949286
0.188812
0.118431
2.235779
-0.524000
-0.644014
1.986228
2.498670
-1.451000
-0.162988
-1.677452
-2.507170
-0.248495
-1.407201
-3.644054
0.247517
0.845406
-0.569508
-0.203482
1.143857
1.315773
-1.422807
-1.586732
-1.295769
-1.295866
-0.403696
0.970533
1.583580
0.675663
0.963321
-0.558489
-0.137165
1.112662
0.429317
-1.309622
-3.892865
-1.459686
-0.466955
1.997832
-1.156827
3.695469
-0.927972
0.001067
0.380785
-0.647513
-1.435651
-1.507612
-1.334064
-1.799458
-0.599960
-1.725618
-1.828112
0.522932
0.226527
1.073798
2.622422
1.560636
-0.237180
2.893308
-1.470648
-1.879245
-0.132561
0.066983
-1.422369
-1.333403
-1.693531
-0.960474
72
-0.387252
-0.211452
-0.948045
-1.823697
-1.651577
-1.200022
-1.291424
0.143357
-0.428704
1.195201
-2.424258
-1.004855
-0.492550
-0.723999
-0.659672
-0.572434
-0.748183
-0.859277
-0.981232
-0.538104
-0.005928
1.185992
1.474926
1.497509
-0.050288
-1.043463
-1.337536
-0.235956
1.393772
0.829805
1.583596
-1.321538
-2.720547
-1.204770
-0.574450
-0.295289
-1.849652
-2.597253
-2.375043
-0.118276
0.311652
0.950524
0.469896
0.544447
-1.187129
2.285821
-0.523963
-1.863561
1.280190
0.622888
-3.324770
-1.251360
0.338892
0.602628
1.584603
-1.953412
-0.904436
-3.062183
-3.106559
-1.581852
-1.650451
2.519027
1.728993
-0.037166
-0.685681
-0.971056
-2.058251
-1.711550
-3.798841
0.456214
1.937704
2.174582
72
-0.543530
0.296680
1.065676
0.091936
-0.303070
-0.889431
0.254860
0.824451
0.224867
-1.594275
0.495994
0.249054
1.483725
1.404737
0.119859
-1.010877
-2.598509
-1.100150
-0.859436
-0.152624
1.145071
-2.374591
-0.481900
0.838502
1.107688
-0.287744
-0.943292
1.454585
0.139067
1.101407
0.143744
0.941822
1.016567
-1.196254
-3.084610
-1.063773
-0.376442
-1.226576
1.428621
-0.827871
-1.318572
-1.697872
0.690493
1.883343
0.183462
0.123519
-0.025270
0.966354
-0.563726
0.163088
1.178857
-0.482869
-0.601167
-1.064378
-2.620311
-0.539663
1.046047
-1.622193
-2.444444
0.134394
0.723749
1.614342
-0.439398
0.141367
0.736303
-0.175070
-0.027198
2.019988
0.219791
-0.900074
-1.178500
-0.800892
72
0.148587
-1.821974
-0.115099
-1.180608
-0.305276
0.324747
0.405833
0.595097
0.090457
-1.444486
1.195366
0.271486
1.605677
1.636181
0.149925
0.011478
-2.184632
-1.578322
-0.219773
-2.590901
-1.572173
-1.143857
0.419446
0.813237
0.545330
0.929589
0.348313
-0.973681
1.436997
1.590705
1.695072
0.318319
-0.408307
-1.296176
-1.788821
-0.710597
-1.714830
-1.514148
-1.731958
0.354854
1.265401
1.352105
0.633741
1.674850
-1.251707
0.402800
-1.730372
-1.230955
-0.184185
0.346398
1.433905
0.412981
-0.315851
0.937902
-0.504217
0.472724
-1.566094
-0.914597
-1.356359
-1.315684
0.928200
-1.191811
0.093264
-0.289836
-0.086945
0.018139
-1.458350
0.110041
0.272444
-1.026718
-0.238235
0.271320
72
-0.570928
-0.464050
-0.161905
0.331774
0.258618
0.161595
-0.209443
-0.750472
-0.674784
-0.534585
0.114985
0.470545
0.772680
0.671343
0.391354
0.467604
0.665257
0.411541
0.657197
0.401847
-0.113175
0.019306
-0.177231
-0.358848
-1.669491
1.184458
0.580044
-0.482829
-1.128812
-0.840491
-0.199229
-0.320697
-0.058964
-0.138791
-0.237284
-0.321752
-1.473980
-1.681310
-0.227284
0.486159
0.515801
0.800234
-0.550782
-0.253688
-1.219100
1.547648
-0.481356
-2.940057
-1.044559
-0.624081
0.657655
1.198501
1.028152
0.829576
0.520944
-0.875529
0.821378
0.583614
0.347232
-0.682719
-1.738468
1.765161
0.720081
-0.513390
-0.268686
0.850985
1.445867
1.044940
-0.595868
-1.406492
-2.218800
-2.690772
72
0.759695
0.167886
0.316290
-0.780673
-0.614379
-1.258765
0.851063
1.215169
-0.155312
-0.718610
0.131981
-0.915732
-0.427125
2.390877
0.216512
-0.034958
-0.243326
-0.242202
-0.775163
0.188302
0.248452
0.054091
-0.368239
-0.424429
-1.403463
0.856032
-0.110762
-1.324087
-0.511250
0.446334
1.527820
0.842227
-0.565435
-0.355549
-1.571555
-2.520730
-1.465010
-0.896100
-2.752643
1.091213
0.705942
1.466888
1.806299
0.255054
-0.218672
0.267656
0.006139
-0.456321
1.470503
2.013730
-2.178294
-2.120956
-1.547765
-1.475145
0.526824
-1.029265
0.150294
-1.528055
-1.144309
-1.077690
0.171013
0.659499
0.785626
0.125846
-1.388327
-0.344013
-0.409938
0.194543
-0.300836
-0.851318
-0.361983
-0.213210
72
-2.093125
-0.952246
1.140165
1.047265
0.860183
1.076810
-0.981164
-2.443499
-2.488651
-0.344228
0.059293
-0.405886
-0.385734
-0.863160
-0.899449
-1.497172
-1.333448
-1.071447
-0.764251
-0.543582
-0.018683
-0.198386
-0.838818
-0.413671
0.154171
0.317776
0.049072
0.461545
-0.129074
0.494731
0.196037
-0.357141
0.845068
0.428124
0.022230
-0.287788
0.135916
-0.377687
0.274260
-0.767568
-1.542299
-3.138308
-1.201522
1.487349
0.591198
-0.611137
-0.892238
-1.081457
-0.953650
0.996967
0.210180
-0.127825
-0.656178
-1.474179
-2.486305
-1.258078
0.962199
0.880390
0.861762
0.837054
1.701019
-0.165221
-1.490815
-0.559830
-1.362798
-2.861836
-1.686911
0.551749
0.463712
0.282347
0.227075
0.367767
72
-0.703446
-1.475183
0.040952
-0.195438
-0.593351
-1.109888
-0.623601
-0.359654
-0.383166
3.065935
0.404479
-1.264525
-1.217439
-0.879536
-2.834636
-0.155434
0.261267
0.566392
0.939513
-1.313191
-4.039263
-1.429234
-0.172797
0.788253
0.201064
1.588147
1.104121
2.047369
-1.613619
-3.525136
-1.732220
-1.891989
-1.929280
0.036343
0.647577
0.739657
0.529365
-0.511835
-2.450320
-4.349516
-4.742382
-1.613358
0.708150
0.813761
0.703528
-1.479688
-2.528971
-4.514714
-1.857443
0.656239
0.625441
0.837903
0.683933
0.394999
1.285676
1.182518
-0.700879
-2.762964
-2.638855
-1.011469
0.817461
1.153519
1.428331
0.729155
1.156552
1.331387
1.409525
-0.001419
-2.794727
-2.429361
-1.879007
-3.036207
72
-0.682812
-0.501481
-0.618531
-0.709193
-0.759361
-0.749890
-0.311840
-0.144572
-0.589162
-0.788971
-0.440290
-0.087904
0.078244
-0.657410
-0.899782
-0.577936
-0.408290
-0.718979
0.327045
0.642543
-0.200348
-0.313195
-0.210114
-0.905123
-0.767746
-0.055361
0.481254
-0.043337
-1.359642
-0.963320
-1.325857
-1.646088
-0.550653
-0.197378
0.276480
0.127602
-0.780671
0.387393
-1.267306
0.607572
1.196787
2.042266
-0.832235
-1.084116
-0.378000
-0.834129
-1.068394
-2.340155
-1.831302
0.775105
0.389960
0.982834
-0.535492
-0.926558
0.428537
-0.988375
-0.413287
-1.226205
-0.977215
-1.968832
0.346582
1.658360
1.461820
1.448086
1.378445
2.783177
2.776092
-0.993203
-4.479911
-0.201185
0.547130
0.368965
72
0.163385
-0.713691
-0.374600
-1.872155
-1.790984
-0.021418
2.666316
1.408668
0.630758
0.883213
1.183271
1.742005
1.279961
-0.637975
-0.751983
-1.465968
-1.477099
-1.400670
-1.559682
-1.355696
0.959969
1.782183
1.370682
1.596306
0.032637
-0.527950
-1.091772
0.728038
1.070746
0.461006
0.250252
1.096459
0.638853
-0.268964
-0.387618
-0.330516
-0.024612
-0.563327
-0.631238
0.269403
0.215705
0.471821
1.190617
1.204170
0.414568
1.544325
0.960484
0.010644
-0.182812
-0.466413
-0.411640
-0.739430
-0.654000
-0.310171
-0.059605
-0.012492
-0.664807
-0.500790
-0.348899
0.148886
-0.328215
0.240614
-0.164588
-1.593929
0.982949
1.201589
0.525662
-0.063230
-0.385401
0.186405
0.574592
0.604367
72
-0.043404
-0.059988
0.178799
-0.203182
-0.578110
-0.269125
-2.357951
-0.599670
-0.584169
-0.524782
-1.455061
-1.852270
-1.078985
0.137726
-0.537545
-0.040805
1.342391
1.570549
-1.439041
0.185604
-0.007259
-1.112732
-1.254306
-0.139866
1.593688
-2.102534
-1.887254
0.151142
0.593812
0.737147
-2.506122
-0.958314
0.976791
0.397348
0.146610
0.588485
-0.675443
0.495655
-1.224166
1.230065
1.459878
2.019782
-0.178101
-1.053893
-2.238005
0.706812
0.842689
1.179354
1.501250
-0.457823
-1.518287
-1.526385
-1.173458
-0.476764
0.420146
0.084491
-1.416824
-0.120451
0.254220
0.415078
-0.262561
0.056963
0.672726
-1.287811
0.412067
0.414185
1.767903
-2.346923
-1.164585
-0.412754
-0.060716
-0.031184
72
0.097983
0.818411
-1.201128
-0.618900
-0.109619
0.712066
1.117735
-0.231112
-1.133762
-0.840499
1.895446
1.868264
1.566894
-0.911182
1.056231
-0.034618
-1.626292
-3.442183
-0.812048
0.226348
0.302972
-0.911235
-2.620595
-0.457331
0.001458
1.552906
-0.471360
0.223957
-0.142347
-0.759487
-0.282753
-1.498235
0.134356
0.186309
-0.332150
-0.914595
0.718604
0.937118
-0.890577
-0.697725
-1.884755
-0.029087
-0.915751
0.833541
0.606340
0.282866
1.411834
0.157070
1.735636
-2.206755
-1.641493
-1.393490
-0.715433
0.239120
0.928820
0.916440
0.361350
-0.988486
-1.111784
0.850298
0.289615
1.626880
0.680025
0.119765
-1.287532
1.055894
0.242230
0.616291
-0.819533
-1.112450
-0.187601
0.346023
72
1.013922
-0.456532
-1.349969
-2.353985
-2.733927
-1.667193
-0.506901
1.808171
1.284607
-0.140039
-2.296416
-4.749963
-2.837498
-3.567695
2.109107
2.730577
2.415399
2.216879
2.301477
1.869282
-1.469748
-2.525101
-5.164744
-2.801360
-2.023642
2.610415
2.555399
-0.473394
2.331350
2.092832
2.721486
-0.931684
-1.953395
-1.170683
-0.550988
-0.262320
-0.309425
-0.546943
-1.516087
-0.692717
-1.136804
-1.485975
-0.643094
-1.111826
-0.392264
-0.586276
0.552856
0.323896
-0.207194
-0.444740
-0.551663
-0.299017
-0.447206
-0.613414
-0.583515
-0.622707
-0.448719
-0.574687
-0.636760
-0.638054
-0.755225
-0.029400
-0.492915
0.041130
0.378926
-0.080689
0.131218
-0.593598
-1.152938
-1.149125
-1.126294
-1.076014
72
0.014238
0.465391
0.379140
0.163550
0.355201
0.199380
-1.425255
0.527768
0.123086
0.533877
-1.335932
-1.031983
-1.162083
-0.315576
-0.238921
-0.361544
0.003619
-0.016191
-0.376530
-0.523958
-0.499081
-0.921910
-0.606625
-0.024182
0.344072
0.278557
-0.197211
-2.035650
0.268603
0.845160
1.797968
-0.055036
0.793938
0.529353
-1.805336
-1.788548
-1.517889
-1.754639
0.201632
1.227642
1.248812
1.272385
-3.875048
-0.551494
-1.328550
-2.185705
-3.116735
-1.886352
-1.721131
-1.362240
-0.240529
0.414586
0.420887
0.492957
3.196785
2.680518
-1.877684
-4.072699
-2.682356
-2.200194
-1.370366
1.956144
2.757465
0.141779
-1.021874
-1.019650
-1.058741
-2.443485
-0.576944
0.277346
0.342349
0.268404
72
-2.777547
-1.894854
0.189419
0.884303
1.107911
1.533236
2.320319
1.474596
-2.472464
0.453812
1.950471
2.593294
1.900106
-0.335380
-1.994153
-2.760796
-2.925447
-2.895195
0.978841
1.326868
1.743253
0.499491
-3.044340
-3.603899
-1.397803
0.900851
0.591521
-0.091785
-2.259517
-2.438887
-1.971568
1.047474
0.814079
0.508839
0.539661
0.283473
-0.062819
-0.581334
-0.572047
-1.863142
-2.428677
-2.214357
1.187148
1.761842
0.634726
-0.817707
-0.680937
-0.466969
0.902921
0.819925
-1.753249
-0.860935
0.072476
0.529866
0.443858
0.446390
-0.506882
-0.745589
-0.552945
-0.579124
0.214266
-0.844336
-0.223357
1.280050
-2.285004
-0.496441
-0.830977
1.789965
-0.621784
-1.015452
-1.054136
-0.777430
72
-0.633191
-1.387434
-0.572241
-0.528637
-0.632962
-0.063724
-0.043532
-0.453655
-0.471527
0.131770
-0.928758
0.023088
0.042817
-0.670278
-0.263184
-0.227345
-0.508521
-0.551608
-1.518225
0.398069
1.410172
0.673037
0.554668
0.601164
1.010676
-1.517294
-2.519881
1.232385
-2.263464
-3.252579
-3.242112
0.360473
0.076640
-0.691019
0.522012
0.861238
1.443958
0.068983
-0.739208
-3.350769
-3.486436
-0.603385
-0.037211
1.085985
1.689809
1.644823
-1.546391
-3.553978
-1.515957
-1.381101
-0.082505
1.109595
1.706482
2.002051
1.772342
1.941324
-0.054401
-3.247204
-4.660649
-2.667451
-1.174492
1.766747
1.570113
-0.765420
-0.612310
-0.531937
-0.174613
-0.385752
-1.029591
-0.617811
-0.546494
-0.601979
72
-0.744922
0.062809
-1.083844
-0.770170
-1.875389
-0.495310
0.292779
-0.059282
-0.619242
0.321298
1.973750
0.197399
1.399246
0.767285
-1.224981
-2.155029
-1.900814
-0.687258
1.080567
0.726080
0.446943
-1.463366
-1.527715
-0.644757
-0.985963
0.199435
1.270726
-0.021851
-0.021411
0.274662
-1.123077
0.812778
0.369634
-1.224265
0.380617
-0.311781
-0.301582
-1.101471
-2.587122
-1.973216
-1.282331
-1.420882
-1.769595
0.858684
0.006166
-1.557827
0.505777
0.540447
-1.375209
0.204983
-1.000379
-0.857203
-2.902887
-1.590297
-2.249904
-1.486084
1.412217
-1.013030
1.152481
1.454100
2.152085
-0.041993
-0.242341
-0.049918
-0.878221
1.288698
1.560561
0.020034
-1.017495
-1.333062
-1.487459
-0.778283
72
0.435882
1.080912
-0.740420
-1.236822
-0.972909
-0.177068
-3.562141
-0.267616
-0.534617
0.201781
-1.915391
-2.164377
-1.391212
2.517799
0.711275
-0.168718
0.091501
0.673868
1.789420
1.937169
0.815903
-2.201655
-1.680645
-2.776144
-2.024438
0.817364
1.220086
-0.085769
1.617683
2.413392
1.999768
-0.981486
-0.834824
-1.002054
-0.836648
-0.717883
-1.010586
-0.287447
1.690796
1.123367
0.635933
0.473655
-0.999868
0.561313
-0.474676
0.280968
2.108649
1.819940
-1.703558
0.202604
0.781576
-0.000005
-0.185897
-0.477265
-1.799587
-0.784127
0.265703
0.736405
0.757874
0.561145
0.109208
-0.955052
-1.681688
1.347408
0.910511
1.082869
0.960548
0.222656
-0.970662
-1.003906
-0.602040
-0.615901
72
0.526639
-0.412642
1.605714
-0.827345
-0.578781
-0.014424
-0.057949
-0.376489
-0.423212
0.410917
-0.160961
1.848421
-0.976829
0.999707
0.119203
-0.310475
-1.632187
-0.423054
0.169057
-2.031674
0.678546
0.846134
-1.223528
-0.740746
-0.015744
1.309799
-1.720396
-1.042158
-1.053997
2.020612
-0.881522
-0.067106
-0.914612
-1.022783
-1.312620
0.566400
-0.101169
-0.090232
-0.120958
-0.913955
-1.900751
-0.218872
-0.984577
-0.485507
-0.246612
2.172281
0.026430
0.123003
-1.408260
1.166200
-1.285514
-0.428817
-2.798522
-1.044241
-0.678737
0.697892
-1.187055
-0.655146
0.299023
0.338212
0.211207
0.323382
-0.932267
0.558022
0.223404
0.156009
1.026625
-0.600821
-0.699076
-0.182639
-2.007929
-0.298525
72
-1.185164
-0.847283
0.466123
0.359193
0.062387
-0.112350
-0.350168
-0.114688
-2.068089
-0.754652
-0.855364
0.350791
0.803740
1.602167
1.476677
1.375187
0.849441
-2.174520
-0.532128
0.414134
1.143079
0.434532
-0.696553
0.703421
0.710555
-1.213482
-0.581945
-0.236530
1.387286
0.744829
0.911456
-1.340249
-2.436102
-1.748528
-2.086959
-2.031812
-3.492091
-4.689966
-0.037915
0.495640
-0.174308
0.348190
1.039122
1.644187
0.053895
0.322370
-1.198778
-3.021910
-0.484688
-1.443622
-0.231653
-0.060069
-0.456843
-0.379207
0.163096
1.096957
-0.709933
-2.889103
-2.031251
-1.934716
-0.459709
-0.565236
-0.544349
0.426056
-0.167226
-1.508295
-0.369572
-0.532219
0.520176
0.458783
0.307544
-0.151474
72
-0.244284
0.176755
0.143818
0.484421
0.268919
-0.111210
-1.535024
-1.286470
-0.400715
0.965728
0.038005
-1.779963
-0.621413
-0.457162
-0.067356
0.515192
0.789712
1.087137
-0.085295
-0.481576
-0.808160
-0.767392
-0.912001
0.440476
1.066284
-0.194719
0.118807
-0.440904
0.689908
-0.174072
0.918209
-0.763278
-2.189988
-1.477378
-0.872910
-0.223842
1.306934
-0.100153
-1.236660
-1.020553
-1.470396
-2.352503
-0.909525
2.166873
1.374355
-2.124450
1.613940
1.918138
1.360514
0.112950
-0.619826
-1.104038
-2.345487
-3.202233
-2.267817
-2.488809
-0.468244
1.137725
1.012470
0.963525
1.129637
0.504225
-1.891830
0.814374
1.216224
1.653729
2.241915
-0.227848
-0.455584
-0.675858
-0.718640
-0.633315
72
-0.247195
-0.199508
-0.097398
-0.149310
-0.122040
-0.130345
-1.002692
0.126624
-0.072745
2.167929
-1.366961
-1.502749
-1.459558
-0.153440
0.273598
0.509730
0.581455
0.699401
0.095532
-0.496576
0.235694
-0.107142
-0.168108
-0.601952
-2.228383
0.790963
0.125129
2.840822
-2.184878
-1.860964
-2.022575
-0.453126
0.073024
0.301346
0.764256
1.046829
-0.578320
-0.704270
-1.772765
-0.517081
-0.306224
0.226705
-0.072533
-1.249120
-0.632813
2.432680
-0.616255
0.130086
0.937314
-2.501032
-1.071425
0.206603
0.629228
0.899796
-1.136890
-0.677060
1.546086
1.621025
1.564196
1.285611
2.570820
-1.684199
-2.541857
-0.057095
1.391565
0.734020
1.914339
0.669549
-0.934937
-1.314912
-2.664292
-3.412663
72
-0.935609
0.321984
0.714513
-0.978266
-2.024255
-0.686683
-0.460262
-1.714862
-1.842965
1.309449
1.123377
1.753228
-0.032659
0.610490
-1.097745
-0.994884
-3.008190
-1.210716
0.845987
0.924959
1.227064
-1.724051
-1.325599
-0.934098
0.145884
-1.457189
-2.563682
0.005559
1.596629
1.808714
1.774075
-0.417900
0.010310
-3.125702
-3.454560
-1.859861
0.896981
0.047439
0.569834
-0.326461
-1.434813
-2.379188
-0.108563
-1.188709
1.237473
1.806992
-0.775960
-0.734884
-0.818393
0.223605
-1.182814
-0.416069
0.030743
-1.122481
-0.556564
-2.049819
0.599875
-0.547417
-0.599072
-0.634793
-0.504617
-0.972583
0.239654
0.635134
-0.564609
-0.849608
-0.279045
-0.503823
-0.819894
-0.971202
-0.834201
-0.982986
72
-1.235712
-1.771918
-1.310299
-1.381253
-1.192219
-0.744138
1.445698
0.269680
-0.811975
-0.814646
1.120993
1.074360
1.231216
-0.519297
-2.136958
-1.290708
-1.316008
-1.685753
0.776585
0.550198
-0.896145
1.290716
1.096688
0.191015
-0.925434
1.037822
0.241660
-0.519037
-0.399538
1.474857
1.783061
2.032793
0.040330
-0.589458
-1.043806
-1.435817
-0.409276
-0.181005
1.527327
0.275744
0.034669
-1.625131
-1.779215
-0.853909
-0.303892
0.911696
-1.094000
-1.357773
0.673803
0.493050
1.215981
0.840053
0.406667
-0.443669
-0.887099
-0.495243
1.363765
0.751681
0.771642
0.647010
0.734932
0.857414
-1.944391
0.793696
0.023477
0.421783
0.746493
-0.464825
-0.699407
-1.096689
-1.243916
-1.219042
72
0.036450
-0.546468
-1.430890
-0.576997
-1.351737
0.460790
0.749035
0.945431
-0.445204
0.143143
0.842627
-2.440583
-1.636228
2.122801
0.196003
2.064315
-0.391377
-0.224058
1.499843
-0.280224
-1.229710
-1.846957
-1.225961
-0.848709
-1.173373
1.972964
1.050966
0.881429
-0.377770
-1.132896
0.396554
0.388109
-2.315859
-2.313506
-1.489850
-1.467142
0.433070
0.160852
-0.947952
-0.311644
-1.380103
-1.626747
0.091611
-1.039177
-0.380199
-2.428286
-1.626440
-1.149021
1.193229
-0.009926
-0.950893
0.045864
-0.449827
-0.185541
0.557293
0.050117
0.042983
-0.647358
-0.864493
-2.874331
-0.655670
0.500575
0.745947
1.022958
1.721036
1.372021
0.835055
-0.643221
-1.576901
-2.717553
-1.387144
-1.149218
72
-0.752590
-2.464390
0.253208
-0.361701
-0.399106
-0.347307
-0.112035
0.055992
-1.849182
-0.330565
0.479697
0.386320
-1.624363
0.661727
0.624500
0.454048
-0.386641
-2.020283
-0.876775
-0.894096
0.489976
0.074662
-0.224859
-1.976962
-2.261470
-1.054643
-0.741625
-0.009040
0.205530
-0.357901
-0.888514
-1.720547
-2.554074
-2.908234
-3.027710
-0.407571
1.414946
1.416296
1.492725
0.302837
-0.716044
-2.016840
-2.613986
-1.210588
-3.651448
1.431459
1.406505
1.359527
1.101375
0.115156
0.594719
-2.645797
-4.197650
-2.551023
0.980911
0.852560
-0.485479
-0.505368
-2.734563
-2.849018
-3.105450
1.608321
1.607231
0.055703
-1.698199
-2.038915
-0.271268
2.076280
0.765068
0.620508
0.225202
-0.549828
72
0.352489
0.427811
-2.460972
-0.497240
-0.384194
0.258599
-0.814369
0.796786
-0.331559
-0.762861
-0.360079
0.156348
0.516053
-0.525068
0.438162
-0.294785
-0.521676
-0.666442
-0.120679
0.010154
-0.605947
-0.923983
-0.613536
0.494788
-0.560201
0.322620
0.157495
0.812414
0.401655
-0.434681
0.935525
1.043466
-0.111881
-1.033721
-2.350272
-1.959305
-0.142420
-3.671894
-0.261163
-0.101167
-0.013018
0.927282
0.989066
-0.213010
0.597650
-2.856250
1.194498
0.878152
1.371780
1.050927
-1.362929
-2.251436
-4.958293
-2.301130
-2.887287
-3.417887
-1.098544
0.699199
1.128802
1.790348
2.146362
1.388245
-1.038876
0.641541
0.754134
-3.187642
-0.622468
2.589309
0.878212
-0.247748
-0.155411
-0.238346
72
-2.527355
-1.430663
1.204873
2.165088
2.000944
1.819950
0.047602
-2.533265
-2.395030
0.672291
-2.470720
-3.144740
-2.214081
2.377783
1.021733
0.315486
-0.307549
-0.498937
0.383100
0.397506
-0.318773
-0.438305
-0.340003
-1.018708
-0.916941
-0.569115
0.302542
1.934646
-3.335573
-1.773048
-1.449465
-0.751473
0.862956
0.872678
0.842974
1.068421
0.956418
1.238252
0.139378
-2.098276
-2.212984
-2.360708
-3.701929
-0.270301
0.973564
1.208619
-0.977771
-1.860262
-3.575741
0.597713
0.261050
-0.023393
-0.212200
-0.491655
-1.609022
-0.237310
1.036272
0.693405
0.702003
0.389520
-1.974072
-1.823479
-2.107950
-0.777116
-2.660025
-1.867430
-1.902516
-0.995883
0.911740
1.276998
1.260651
1.342287
72
-0.740946
-0.988278
-0.363032
-0.125549
-0.134739
-0.217317
0.199219
-1.594953
-0.518591
-2.112016
-1.163935
-1.217366
-1.048360
-0.457717
-0.883187
-0.974813
-0.709337
-0.657727
0.364942
0.263075
-0.327896
-0.403428
-0.556343
-0.284108
0.150554
0.218805
0.379728
0.324937
-1.081066
-1.312253
-1.009384
0.774301
0.675032
0.436488
0.484682
0.506252
0.281335
0.150667
0.620540
-0.154025
0.031552
0.444529
-1.001671
-0.623192
0.376881
1.874481
-1.775756
-1.760683
-1.689703
-1.833271
-0.297269
-0.147900
0.962490
1.293147
0.749303
-0.175836
-0.372246
-5.474978
-3.301529
-0.527280
-1.613735
2.228656
1.525001
0.997214
1.006949
1.363441
1.402088
-0.510065
-0.305110
-1.014241
-4.096381
-4.993591
72
-0.127517
-0.282466
-0.642852
-1.656156
-1.935170
-1.473610
-0.064733
0.171164
-0.084795
1.298349
-4.144092
-3.694722
0.303892
-1.232450
0.626730
1.638236
1.907260
1.753229
-1.003972
-0.919115
-0.450051
0.141124
0.899095
0.701876
1.784800
-2.799260
-1.287794
0.051355
-1.672948
-2.488493
-1.649513
1.143305
0.291343
0.676609
0.822836
0.843669
1.045715
1.101530
0.241240
-4.922750
-3.536938
-2.421539
0.496992
0.965904
1.104561
-1.016204
0.749343
1.460297
2.252857
-1.800252
-2.281654
-2.300493
-1.877346
-1.932996
1.103285
1.034439
-0.557863
-0.741583
-0.652392
-0.562340
-2.441113
0.905645
0.892107
-0.367523
-0.858499
-1.243819
-0.425814
1.815946
-0.130759
-0.561894
-0.678992
-0.760243
72
0.837977
-2.660105
-2.259804
-1.262427
-0.370490
0.631021
-0.970275
1.675969
1.211882
-0.896891
-0.350050
-3.715017
-2.644242
0.354974
-1.684461
0.189831
0.576335
0.524465
0.289986
-1.386672
-1.732913
-2.084688
-2.444735
-1.546228
0.060583
0.771759
0.642707
-0.346515
-0.643209
-3.298113
-1.455976
0.742177
1.710623
0.936122
0.365250
0.075308
1.501530
1.281443
0.782390
-2.698984
-3.562509
-2.431579
-0.284923
1.931203
1.662683
-0.238611
1.007023
0.536999
1.277479
-0.949348
-1.455000
-1.746283
-1.170166
-0.445034
-0.203799
-0.595900
-0.774494
-0.994572
-0.880003
-1.037229
-1.739262
-0.063527
-0.480719
-1.542538
-0.162636
-0.085290
0.008334
-0.269284
-0.944500
-0.737456
-0.704399
-0.566457
72
0.499093
0.191820
-0.565949
-2.028818
-0.395951
0.479666
0.505815
-1.531084
0.831261
0.417447
0.616077
-0.807475
-1.487449
1.915799
-1.799530
-2.617885
-1.658648
-0.196222
-0.782063
-0.603951
0.669239
0.581028
0.625882
-0.743118
-2.168632
0.206762
-0.802918
3.190134
-1.468225
-1.224348
-1.394163
1.330762
0.043230
-0.225735
-0.324363
-0.760549
0.204322
-0.041936
0.056754
1.416892
0.938917
0.357888
-0.839888
0.078430
0.883998
-0.124711
-0.586090
-2.389990
0.096606
0.593487
0.787713
-1.255907
0.172154
0.906894
-1.287457
-0.644761
0.432236
-0.277872
0.156435
0.910781
0.581084
0.412610
-0.637121
1.098330
-0.175467
0.883284
-1.409425
1.055361
-0.742734
-1.907448
-2.375252
0.491492
48
-0.911500
-2.844576
-3.646791
-2.398964
-5.380249
-3.484112
-4.242200
-4.042080
-2.184901
-4.598333
-0.519274
-2.022568
-5.054401
-4.812648
-0.561104
-5.291977
-5.439866
-3.441614
-2.034392
-4.293467
-1.986239
-2.091664
-2.723157
-5.703908
-1.965603
0.381773
-2.785304
-3.077063
-3.722040
-2.296326
-1.316861
-4.804024
-3.193552
-1.058484
-2.924208
-4.508584
-1.385369
-1.174360
-3.631060
-1.615833
-1.911241
-5.023218
-2.739738
-2.650368
-2.836630
-2.866633
-3.850969
-3.501503
1
48
-2.115506
5.003174
4.699883
3.091514
6.397177
3.531427
4.196511
4.330730
0.882711
4.383637
1.049745
-2.236041
3.861588
4.137744
1.197245
2.006529
9.292351
2.261100
-4.384382
3.999069
1.914398
-3.211731
3.907377
7.052011
-1.471348
-1.823478
1.562619
1.669309
2.973979
-1.708124
-1.634297
3.534523
4.290065
-1.213522
-1.103218
6.371485
-2.273513
-1.560651
4.273026
-1.956559
-1.616925
8.951360
3.788041
-1.381546
-3.503569
-2.330897
4.604735
2.033326
1
0.335442
