1
24
6
0.985545
1.611149
0.744583
-0.310484
-0.406843
1.114552
6
0.895570
0.614766
-1.264994
1.516375
-0.400146
-0.226778
6
0.801654
-0.907391
-2.014118
-1.561448
0.496973
-0.245965
6
1.186341
-1.487098
-0.547599
0.453734
1.974712
0.315867
6
-1.315392
-0.733187
0.021263
0.128339
-1.067807
0.535818
6
-1.842263
-1.389796
-0.151392
0.669291
-3.151027
-0.937182
6
0.156859
1.288405
0.579290
1.445988
-0.070907
0.515969
6
-0.333716
0.483323
0.016933
0.192131
0.024980
2.065916
6
0.826681
1.686860
0.074763
1.250520
-1.712674
0.856748
6
-1.526337
-0.267109
1.465779
0.151258
0.788991
0.298782
6
0.377370
-0.447336
-1.591797
-0.274376
-0.828001
-1.678326
6
1.253208
0.267366
-1.031317
-0.191908
-1.600744
0.219513
6
2.583247
-0.288869
-1.544967
0.320495
-0.747691
0.289197
6
-1.614865
0.420229
1.724793
0.213429
0.176750
0.567225
6
-1.098794
-0.427053
-0.206310
1.464028
0.353367
-0.840378
6
-1.458468
1.278299
-0.950553
-1.319685
0.010636
0.973625
6
1.638743
-1.704140
0.112986
0.320521
-1.188472
0.412310
6
1.998074
0.258165
-1.680322
0.357009
-0.857195
-0.487493
6
1.488939
1.753299
-1.217411
0.943164
0.027886
-1.072821
6
0.150072
-1.751363
-1.839173
-2.168918
-0.697697
-0.111498
6
-0.695077
-0.925361
0.905607
0.926583
0.921915
0.201214
6
0.105421
0.491120
0.841311
0.157952
-1.514128
-1.777011
6
-0.017119
-1.002949
0.592336
-0.747129
-0.648085
-0.073266
6
0.264628
-1.387611
2.162099
-0.985773
0.770609
0.265867
24
-0.762139
0.234020
0.477821
-0.019715
-0.037342
-0.395212
0.294727
-0.375177
0.210263
0.854552
-0.169434
-0.515181
-1.464408
0.850730
0.363382
0.632599
0.486720
-1.280237
1.718043
0.374014
-0.057668
-0.021367
-0.073061
0.202934
1
24
1.057456
0.492720
1.155646
-0.142769
-0.181503
0.624809
0.075506
-1.382712
1.197661
1.687935
-0.717335
-1.448171
-2.463529
2.035326
-1.715813
-1.793648
0.945759
-2.750862
2.949030
1.939548
1.292221
-0.372226
-0.242636
-1.187479
1
0.352979
