1
24
18
-0.461088
0.494914
-0.115684
-1.385888
-0.131291
-0.196625
0.011875
-0.203317
1.005631
-0.445373
-0.328167
0.560957
1.120971
0.387791
-0.807028
0.407532
-0.534633
-0.460982
18
-0.868021
0.539044
0.354744
-0.183841
0.203697
-0.364400
2.125121
0.411799
0.188452
-0.036177
0.059062
0.162830
0.450127
0.076202
0.276756
1.377869
0.179650
-0.407731
18
-0.031105
0.601557
-0.397527
-0.234704
-0.036424
0.017306
0.196449
0.296352
-0.818265
-0.644220
-0.132198
0.200500
1.837541
-1.632787
-0.520284
-2.528359
-0.789827
0.661089
18
-0.598453
0.759876
0.067094
-0.217682
-0.083015
-0.091316
-0.013675
-0.644308
-1.408519
-0.434045
0.059110
-0.269166
0.384952
-2.167532
2.036820
-0.705341
0.289582
0.305586
18
0.651173
-0.224534
-0.716468
0.326449
-0.144206
0.290150
0.492795
0.617902
0.955928
-0.544705
0.255161
-0.262207
0.225181
1.122801
-1.041316
0.792522
-0.352785
-0.126705
18
-0.683180
-0.453344
-0.272861
0.095001
-0.434437
-0.287235
-0.380250
1.728921
0.370310
-0.395634
-0.672986
0.709133
0.681206
0.160495
0.438425
0.537592
0.443403
0.290180
18
-1.117878
0.794687
-0.304402
-0.647026
-0.107100
0.043563
-0.489448
-0.316361
0.526086
0.106863
0.088275
0.059827
3.723188
-0.752012
1.321024
0.356735
0.608994
0.610023
18
0.143116
-0.462327
0.379848
-0.846764
0.357689
0.209724
-0.777321
0.833105
0.970722
-0.986872
0.089663
0.176720
0.031217
1.081619
0.111234
1.709962
0.530556
-0.396656
18
0.172114
0.033765
0.111753
0.527808
-0.312123
0.038909
1.229928
-0.647253
1.458679
1.153532
-0.687614
0.181258
-1.455376
0.093869
1.734369
0.868134
-0.694174
0.379995
18
-0.870422
-1.205378
0.293155
-1.207162
-0.069197
-0.283479
0.132112
1.017588
-0.553595
-0.262047
0.386334
0.137356
-2.154335
1.514906
-1.047620
-0.792356
-1.246528
0.603991
18
1.823478
-0.039335
-0.677854
0.051691
-0.716072
0.416826
0.068405
-0.499363
-0.974674
-0.444673
1.002589
-0.581086
0.246724
0.154958
0.013945
0.342779
-0.359057
-0.170273
18
0.893245
-1.873478
0.061972
0.469764
0.117389
0.007221
2.109612
-0.145444
0.230172
0.467773
-0.072001
-0.310425
0.712914
0.264843
-0.325307
-0.870421
-0.025355
0.177152
18
0.142637
-1.209266
-0.820101
-1.378161
-0.139642
0.171302
1.819443
0.325244
0.709045
0.295181
-0.115390
-0.099008
0.096063
-2.247598
-0.733559
-0.681913
-0.468910
-0.544159
18
0.691967
-0.229965
0.487437
-0.070215
0.175542
0.013039
-0.290839
1.538651
-0.106415
-0.296493
0.096263
0.012202
0.283437
-1.427600
-1.186491
1.060448
-0.758531
-0.652545
18
0.961127
-0.100581
-0.913027
-0.293347
-0.240750
0.127414
0.674705
1.059971
0.779152
-1.185075
0.440514
0.817913
-0.106890
0.315438
0.940885
-0.101170
-0.017306
-0.213147
18
-0.226086
-2.751231
0.787211
0.054232
0.169698
-0.146878
-0.300751
-1.676040
0.103203
1.418862
-0.169741
0.031327
2.132143
1.748941
0.940473
2.080526
0.093952
-0.101272
18
-0.328278
-1.553432
0.853892
-0.359687
0.063429
-0.206902
0.410678
0.410181
1.012731
-0.636903
-0.474900
-0.694416
-0.685223
0.733612
0.147374
0.713727
-0.096657
-0.287591
18
0.203999
-1.454279
0.403316
0.783389
-0.033476
0.039799
-0.370640
0.515358
-0.200254
0.039129
0.043649
-0.253773
-2.510293
-1.593585
1.195891
-0.728885
0.997132
0.281894
18
-0.578311
-1.446161
0.667990
-1.015798
0.195027
0.031769
-1.022513
0.399119
0.757379
-0.228141
0.141855
0.175599
-0.154004
0.668133
1.595700
1.291801
0.446835
0.111105
18
0.154366
2.058293
-0.968473
-0.052390
0.356576
0.065829
1.201245
0.430656
-0.698156
0.846780
0.301521
-0.165485
-0.207209
1.348602
0.143022
-0.161014
-0.398025
0.262519
18
0.618695
-0.394713
1.185958
0.462673
0.083729
0.002074
0.514836
0.329088
0.434756
1.169990
0.704986
0.184632
-0.215190
-0.225226
1.002545
0.418638
0.511259
-0.392077
18
-0.256876
-0.955127
-0.507970
0.247023
-0.364286
0.234267
0.664515
0.235098
0.607134
0.936610
-0.304249
-0.016923
-1.083495
-0.738312
-1.473266
0.557914
-0.498416
-0.539513
18
-1.308686
0.375763
-0.204482
0.599559
0.212546
-0.115426
0.117249
2.092535
0.255687
0.839194
0.305944
-0.150081
0.184953
-0.270473
0.149902
-0.468362
-0.015560
0.249142
18
0.972076
0.766740
-0.862823
0.614394
-0.196375
0.159997
0.356062
0.274948
-1.058144
-0.589109
-0.089934
-0.046117
-0.113056
-1.591236
0.185785
-1.511616
0.358744
1.019548
24
-1.076211
0.300939
2.479696
0.081581
1.542129
-0.261474
1.321653
1.768613
-0.238519
1.559141
-0.219027
0.004388
2.213276
1.083050
1.640153
1.025235
-1.182754
0.945764
0.477114
-0.044212
-1.085675
1.335370
-0.290535
0.467690
1
24
2.971497
2.553478
3.228093
-3.210000
4.185897
-1.554657
-3.689574
-2.322685
1.030704
-1.964872
1.295303
-3.177391
2.119961
-2.135306
-2.269427
2.754539
-2.005204
3.132600
3.562587
-2.046426
-0.940552
-3.414051
3.111621
2.986915
1
0.077008
