1
24
12
-2.400149
-0.333636
0.733489
-0.878752
-0.689579
-1.209623
-1.007636
-0.916912
-0.364482
0.805883
-1.131874
-0.261605
12
-0.914302
0.769293
0.121539
-0.175227
-1.709075
0.370078
-1.045623
0.712918
-0.166063
-1.011049
-0.137730
0.446078
12
-2.567418
-0.825055
0.308824
-1.960814
1.048117
-0.685373
-0.745104
-1.457878
-2.336277
-0.914355
0.960703
-0.902503
12
-0.254945
0.804963
1.016355
-0.259242
0.287199
-0.199046
0.495491
-1.877062
0.957095
-0.472917
0.699910
-0.984540
12
0.085535
-1.723731
-0.032806
-1.171115
-1.142383
-0.017568
-0.154454
0.731258
0.260917
-1.588745
-0.131009
-0.138500
12
-1.786474
-0.765188
-3.114305
-0.904386
-0.653263
-0.215399
-0.556425
0.706040
1.465998
-0.827012
-0.353726
-0.086345
12
-2.385131
2.123359
-1.506741
-0.920208
0.281243
0.477420
1.656619
-0.127688
-1.282691
1.322729
-0.138430
0.053500
12
-0.309184
-1.208807
-0.771008
1.324518
-0.414915
0.627776
-1.552170
-1.197070
-0.195150
1.674994
0.173997
-0.287047
12
-3.306745
0.388360
1.867325
-0.294466
0.408585
-0.595310
-0.296086
-0.326560
0.292466
1.655073
0.055249
-0.111559
12
0.422692
2.883698
1.283784
-1.041588
1.030733
0.769160
-0.186894
0.597993
2.032770
1.755363
-0.648220
-0.062806
12
-0.273143
1.349864
0.388119
0.704141
-0.368595
0.387450
0.868288
0.509872
-0.795880
0.531120
0.226374
1.471959
12
2.321676
3.946423
-1.231811
0.393975
0.814205
-0.345008
0.932656
-0.770702
-0.907212
-0.821247
0.032376
0.575903
12
0.749946
-1.114413
-0.534417
0.568788
-0.567271
-0.580397
0.042996
1.325849
-0.980537
1.847786
-0.814979
-0.019112
12
-0.814686
1.883743
-0.765991
-0.628507
-0.492342
-1.285662
-1.570221
0.386762
-2.015232
-0.288969
-0.568364
0.505191
12
0.484690
2.056029
1.433446
-1.633182
1.154679
0.472338
0.143133
-0.323118
1.471784
-1.085067
-0.707264
0.644100
12
-0.193456
-1.502204
1.089847
0.725474
-2.148766
-0.085789
-2.350776
0.682779
-1.462095
0.180865
1.313811
0.494179
12
-0.480949
2.857564
1.642191
0.634185
-0.288875
-1.413361
0.554004
2.442701
0.430399
0.189686
-0.275539
0.023388
12
-1.380129
-1.473876
1.087472
-2.241461
0.479965
0.578024
0.642259
0.212723
0.100183
-0.429426
-0.198523
0.174375
12
-0.672762
0.996585
-1.659487
-0.789209
1.340542
-0.776286
-1.012520
-0.522565
0.572598
0.853640
-0.224679
1.827109
12
0.651298
-0.882113
0.777697
1.042854
-0.803536
2.394399
0.802994
0.500033
-0.172491
1.761758
-0.493742
-1.237726
12
3.028436
-1.198048
0.864899
-1.005894
0.154917
-0.737695
-0.687319
0.478510
1.010528
-0.645899
-1.616339
0.416650
12
-0.647253
-0.897630
-1.947887
1.531685
0.187208
-0.446829
1.217916
0.027002
0.526755
0.776542
1.296123
-1.443043
12
-0.779829
-0.573477
2.223040
-1.045767
0.627794
0.400821
0.175924
0.188152
0.452938
-0.964062
-0.690199
1.151776
12
-0.287390
-1.678544
-0.241872
-0.851257
-1.583418
0.717392
2.295251
-2.197221
-0.508074
-0.966834
0.705859
0.557836
24
-0.616660
-0.390250
-0.876871
-0.804513
1.248651
-0.308784
0.829332
0.309876
1.756018
0.073519
0.282873
-0.677415
1.139122
-0.882881
-0.639110
0.037963
-0.701818
-2.509447
-1.001698
0.123042
-0.527457
-0.145718
0.073709
0.015011
1
24
2.049017
-1.304099
1.007040
-2.607022
3.500967
2.627634
-3.743401
1.731960
4.198720
2.465347
0.997185
3.557179
-2.661506
-1.717020
2.017163
-0.393446
2.039883
-5.406714
-0.831829
-0.216227
1.198653
-1.198083
-1.759210
1.375197
1
-0.746918
