1
24
24
1.227572
3.975764
-0.675008
1.475060
0.322538
0.021331
-0.313391
1.080278
-0.157677
-0.396906
0.103535
0.139484
1.565996
0.200419
1.532295
0.663124
0.195329
0.246242
0.078126
0.101061
-1.612946
1.046708
0.432213
0.430474
24
-0.162909
-1.463779
-0.658997
0.267250
-0.208528
-0.108083
1.702498
0.438484
1.606816
-0.144773
-0.197376
0.459943
-1.379712
-1.246279
0.527874
0.269951
-0.268473
0.116948
0.847471
0.204516
-0.310845
0.314558
0.041917
-0.277626
24
-0.187393
-0.441294
0.298778
-0.085199
0.097106
-0.102610
-0.090413
0.085097
0.275678
0.276337
-0.124970
0.057620
1.949204
0.309281
0.075215
-1.592286
0.517360
-0.247729
-0.738215
0.025764
0.210650
1.002623
-0.210458
0.195105
24
0.865189
-1.135676
0.378567
-0.301143
-0.024660
0.028467
-1.492091
-0.010248
-0.388945
-0.069761
-0.019845
-0.133417
2.339967
-2.253943
0.007199
0.515517
0.417479
-0.204897
-0.327492
0.412804
1.027289
-0.067241
-0.356865
0.107040
24
0.394171
0.348684
-0.909033
0.306826
-0.232580
-0.133999
0.428667
-0.027803
-1.043982
-0.234233
0.027207
-0.073034
-0.181551
0.869844
1.172166
0.731038
0.379503
-0.461283
1.741518
0.035119
-0.490132
0.224013
0.151219
-0.105315
24
-0.944029
-1.285655
1.043147
-0.526392
0.171038
0.168487
-0.708114
-0.288187
0.533613
0.110326
-0.007070
0.132917
-1.455888
-0.085440
-0.912274
-0.445621
-0.111466
0.326936
1.763282
-1.789210
-0.405609
-0.823322
0.060106
0.116295
24
0.554251
-1.248398
-0.016636
0.406768
0.011740
-0.043261
0.191975
0.389519
0.270075
-0.309472
0.065106
0.059458
2.030246
-3.170772
-0.580904
-1.393330
-0.040880
0.350125
0.069959
-0.141979
-0.255883
0.040782
-0.156397
0.041397
24
-1.051714
-0.022903
-0.260830
-1.165992
-0.195667
-0.120268
0.120535
-0.689556
-1.246159
-0.440324
-0.012436
-0.080970
0.247692
0.041818
-0.593091
-0.171520
-0.496574
0.146667
1.193961
-0.041463
-0.612195
0.333610
-0.015171
0.288521
24
0.638274
-0.223614
0.237448
0.537860
0.019094
-0.117937
-2.087818
0.464497
-0.145779
-0.031906
0.085112
-0.057741
0.316166
-0.552923
0.598495
-0.553183
0.054195
0.232103
0.133319
-0.015910
0.997181
-1.019543
-0.166835
-0.063735
24
-0.339092
-0.619686
-0.288449
-0.247906
-0.268298
-0.041193
0.207867
0.226340
-0.569503
-0.762066
-0.196415
0.011339
-0.171724
0.138842
-1.555297
0.746011
-0.122036
0.022679
-1.753418
-0.482953
0.487669
0.554413
-0.266114
-0.094057
24
0.919886
0.165273
-0.089911
0.091256
0.084259
-0.191073
0.998264
-1.031855
0.224538
0.049464
0.123021
0.146213
-0.042346
0.602030
0.433278
0.195218
0.070190
0.140883
0.338155
-0.154284
1.032012
-0.389323
-0.611332
0.150278
24
-0.522757
0.041776
1.206369
1.703357
0.103605
0.164160
-1.238490
0.892920
0.982364
-0.381368
0.836417
0.360623
1.717505
3.107846
-0.913447
0.535226
0.287254
-0.048035
2.701565
-1.917356
-0.305720
0.710025
0.364583
-0.290981
24
0.073648
-0.075877
0.569305
0.179255
0.179938
0.068129
-0.163401
-0.064909
-0.003291
0.449740
0.101148
0.037431
0.227591
-1.841688
0.303808
0.524378
-0.082192
-0.257152
1.848147
1.874999
-0.428093
0.944303
-0.213633
-0.166719
24
-0.814675
-3.198276
0.685392
-1.058305
0.021563
-0.002702
-0.267020
0.265120
1.195770
0.051202
0.251803
0.245549
0.674538
0.188090
-0.985578
-0.821728
-0.088606
-0.142435
0.080651
0.498801
0.618744
-0.882590
-0.149826
-0.002441
24
-1.890080
-2.890181
1.923591
-1.336736
0.306893
-0.354674
0.827932
-0.628716
-0.070385
-1.579483
0.255740
0.387694
1.184435
-1.237947
1.217432
-0.044962
0.273048
-0.142886
-0.931315
-0.621754
1.343459
0.436714
-0.230247
0.451982
24
-0.246298
-0.129452
0.592212
0.342989
0.151808
-0.132594
-0.160213
0.108484
0.306505
0.514713
0.045457
0.123048
-1.416963
0.690600
-1.039514
0.211646
-0.389321
0.035919
-0.142458
0.165199
0.548945
-0.266366
-0.094147
0.034624
24
-0.390838
-0.230518
0.055043
-0.803353
-0.081706
0.015163
0.605874
-1.691018
0.448378
0.451639
-0.515051
0.039205
1.060455
-0.284977
-1.093766
0.435574
-0.281765
-0.263924
-0.509801
-0.067730
0.183964
-1.112088
-0.290501
-0.460402
24
0.474573
-1.124483
0.467437
0.118102
0.123559
-0.050772
-0.025596
0.260083
-0.061425
0.297593
-0.135105
0.018251
1.689287
3.385204
1.566680
-0.761967
0.348704
0.145367
-0.875264
-0.238611
0.496107
1.729765
-0.292114
-0.057190
24
-0.055939
0.175620
-0.217542
-0.444797
0.036725
-0.131313
0.302252
-0.234815
-0.868137
0.423270
0.000458
-0.010819
-0.999904
-0.575428
0.780181
-0.088765
0.225536
-0.056146
-0.748654
0.476552
0.562767
-0.217700
0.021909
0.118060
24
-1.205449
-3.228713
1.100528
-0.646131
-0.221515
0.075574
0.122971
-0.820327
-0.708613
-0.795900
-0.152235
0.115968
-1.012538
0.307367
-0.997630
-0.477206
0.179345
0.273103
1.406337
-2.105132
-1.116058
-1.389482
-0.302434
1.016706
24
0.179359
0.904619
-0.177499
0.174728
0.068781
0.031592
0.088222
0.398980
-0.882436
-0.282114
0.115950
-0.100309
-0.996899
0.000342
1.317039
-0.017903
0.214627
0.119721
0.492054
-0.013699
-0.320056
0.877548
0.020237
0.063215
24
2.806993
4.845808
-2.830509
-0.327797
-0.130473
0.464368
1.613441
-1.981982
-0.583257
-0.510985
-0.256602
-0.031175
0.109429
1.522346
-0.102431
-0.204823
0.097362
-0.027773
-0.670080
0.663868
1.229575
-0.371585
-0.157711
0.001225
24
-0.064624
-1.395210
0.574762
-0.203976
0.248716
-0.231558
-0.011661
0.614122
-0.391060
-0.053696
0.136802
0.252439
-1.407828
-1.663918
-0.374279
-0.590629
-0.165629
0.529430
0.229367
-0.810718
0.805362
0.210296
-0.180369
0.096236
24
-1.252907
0.357650
-0.825122
-0.876681
-0.298775
0.041992
-0.288316
0.206340
0.636807
-0.053610
-0.347085
-0.132661
-0.815567
2.918608
0.728612
0.992804
-0.212928
0.120628
0.373127
2.553325
-0.102025
-0.254887
0.050050
0.183616
24
1.478574
-2.000798
1.647023
-0.398676
-1.968386
0.935304
0.283945
1.912748
0.224280
1.602432
0.722519
-0.944007
0.798696
-2.289257
-3.274835
0.221100
-1.220293
-0.800825
0.366590
0.867766
1.801641
-4.218700
1.139924
-1.965183
1
24
-2.116927
-2.730182
-5.211382
3.946290
4.749371
-3.838445
6.719438
-5.644323
-4.049725
-5.293812
-3.174482
-1.261956
-6.042594
4.608245
2.533301
7.931429
3.907212
3.367562
-6.892204
2.571334
10.867241
4.412087
4.661019
4.198703
1
0.607043
