1
24
12
0.596345
-1.388555
1.084272
0.260159
-0.578830
-1.537319
-0.605417
-0.023923
0.577298
-1.405673
-0.832008
-0.284361
12
-0.296945
1.874167
-0.894539
2.509213
0.758285
0.463684
-0.518090
0.335038
-0.784728
-1.183310
0.329864
-0.408699
12
0.681747
-0.607517
-0.062356
0.281685
-0.980161
1.343527
1.450300
-0.053767
-1.108378
0.206255
0.297151
-0.629445
12
1.580922
-0.245325
-0.075352
1.321773
0.474812
-1.168051
-0.424382
-0.230914
0.880860
0.201603
0.645733
0.240790
12
2.388938
0.164228
-2.057894
-0.744912
-0.932771
-0.488372
-0.637761
-0.229077
-0.594314
-1.272911
-0.223584
-0.758035
12
0.207946
-1.712610
-1.298905
-0.250589
0.261350
0.354403
-3.265965
1.275415
-0.656002
-0.219177
0.129037
-0.238357
12
-0.987658
0.083811
0.722354
-0.333284
0.699215
0.223314
-1.119401
-0.398801
-0.353218
0.228572
1.303748
-0.790883
12
-0.609037
-1.796957
-0.150633
0.130763
-0.646981
-1.810188
0.523271
0.007995
1.498791
-0.720750
0.315426
-0.108029
12
-0.205674
1.655864
-0.962953
0.373946
1.208868
0.351928
2.560162
0.277411
-0.369198
0.705533
-0.016143
-0.136471
12
3.105331
0.128136
-1.015970
-1.013373
0.249671
0.031614
0.017939
-0.403608
-0.112819
-1.048691
0.815930
0.123863
12
1.588534
0.306955
1.642364
0.648117
0.627643
-0.119819
-1.008304
0.052156
0.557389
1.034108
-1.018336
0.228626
12
-3.395339
1.110639
-1.607867
0.699195
-1.069139
0.421634
0.281376
-0.163361
1.067138
-0.701126
-0.162870
-0.319999
12
1.953142
-1.184914
0.457108
-0.014534
0.502774
0.066126
-1.284886
0.351723
1.674066
1.521509
0.207089
1.824512
12
-0.167425
0.058207
0.181264
0.535427
0.627832
1.975306
0.260972
-0.611558
-0.193347
-0.796652
1.041258
-0.772946
12
-1.110714
-0.784562
0.705775
-0.781723
1.710074
-0.857215
-0.813843
0.704192
0.140552
2.528090
-0.025267
0.295484
12
-1.213291
1.208242
-0.555862
0.599522
-1.035024
-0.307313
0.273362
0.704859
-0.867674
-0.162618
-0.336623
2.569894
12
-1.685850
-2.602622
-0.676199
1.437418
-0.392875
-0.751260
0.259569
0.802490
-0.722191
-0.868188
-0.020704
0.122102
12
0.145000
-0.856441
-0.730628
-1.398005
-1.632951
0.760181
-0.023210
-1.230812
0.539809
0.354687
0.368708
-1.139466
12
1.546063
1.198784
0.862833
-1.571175
0.330119
0.486398
0.338663
0.360250
0.163111
-1.436368
-0.409822
0.153850
12
0.311541
0.999868
0.474057
0.405955
-0.424157
-0.305884
1.038787
0.423543
1.953402
-0.119774
-0.899489
0.501094
12
0.994664
0.271121
-1.541006
-0.044400
1.571190
-0.010618
0.146684
-0.873978
0.811457
-1.047473
-2.204897
-0.310528
12
-1.087886
-0.688317
-0.478119
0.024605
1.218841
0.876767
-1.337392
0.802723
1.039720
0.056781
-0.376728
-0.710040
12
0.259913
0.272248
0.513512
-1.605859
-1.269997
-0.025105
-2.016954
0.604246
-1.111641
0.713609
-1.248678
0.307114
12
-0.452652
1.092397
1.196004
0.812223
0.273721
-0.096880
-1.371176
1.218935
-0.079372
1.225792
0.104093
-0.114396
24
-0.277871
1.800883
0.213708
-0.031306
-2.340098
0.390085
-0.360772
-2.021756
-0.549096
-2.484863
-0.621439
-1.387220
-0.478074
-0.484802
0.306313
0.118081
0.599626
0.431699
-0.520037
-1.630330
-0.398876
-0.682505
-0.051628
-1.380487
1
24
0.905253
1.490952
1.430356
2.526005
-3.144069
2.407523
0.535160
0.882683
-1.093932
-2.862945
2.377059
4.506278
0.523680
-0.588157
0.778020
-0.441541
-4.432246
0.235801
3.274430
2.004710
0.225495
-0.774512
-0.059630
-3.453681
1
0.683603
