1
24
24
3.435101
1.586373
-1.024951
0.629348
-0.220373
0.558419
-0.819701
1.341642
0.074297
-0.822601
0.136418
0.112902
1.419707
-1.977955
-1.160319
-1.623221
-0.306930
0.141471
0.226212
-0.087841
-0.187094
0.149391
-0.122315
-0.235929
24
-0.994657
0.251118
0.497155
0.001135
0.033103
-0.056781
-0.056467
0.199032
0.162108
0.193062
-0.022196
0.067290
0.334481
-1.839995
-1.056913
0.470573
-0.033463
0.011930
-0.084851
0.022507
0.800049
-0.532384
0.255209
-0.181021
24
-0.304663
-0.079034
0.804296
-0.287234
0.261593
0.107775
-0.111822
0.104892
-0.131305
0.158999
0.096222
0.032988
0.694705
1.761286
0.664974
-0.241550
0.507089
0.045267
-0.251519
0.005212
0.828234
0.828872
-0.067664
0.033406
24
2.575613
0.650063
-0.930882
0.357848
-0.024542
0.262512
-0.634400
1.354053
-0.439723
-1.052631
0.237361
-0.189024
-0.447954
-0.782065
-0.119315
-1.009763
0.333030
0.087647
0.100737
0.021129
-0.466741
-0.463205
-0.083492
0.037097
24
-0.219720
-0.092411
0.196004
0.773450
-0.026028
0.023375
-0.167419
0.459275
0.225902
0.033232
0.008371
-0.034764
1.308459
0.283643
-0.603811
-0.588477
0.033449
-0.042696
-0.903544
3.141043
-0.421732
0.439967
-0.092610
0.281619
24
0.109314
1.647605
0.683937
1.507399
0.373369
-0.023814
0.275904
-0.411477
0.915355
1.475189
0.016243
0.194146
-2.137208
1.262181
1.731830
0.856379
0.136578
0.094674
-0.215266
-0.121090
0.143237
0.017422
-0.069665
-0.447963
24
-0.341394
0.477559
1.365243
0.736480
0.550847
-0.351096
2.980467
-1.174373
-0.682457
-0.515547
-0.222498
0.004774
-0.671184
-2.476113
0.726289
-0.049519
0.279290
-0.187948
0.031534
-0.257013
2.507813
-1.202639
0.376750
0.186986
24
-0.222515
-0.638811
0.451671
-0.180246
-0.105074
0.018930
-0.076913
-0.209994
-0.645252
-0.884008
0.084729
-0.136728
-1.228248
0.985328
0.259313
-0.544594
0.071265
-0.594552
0.170085
0.063122
-0.822281
0.972979
0.059405
0.122559
24
-0.302283
-1.153798
0.515280
-0.409681
0.016650
0.113017
-0.145299
-0.152068
0.763926
-1.739047
0.002844
0.050378
-1.507224
2.362524
0.099711
1.587456
0.270203
0.081799
0.456801
-0.015344
-2.670308
0.579263
-0.443269
0.293734
24
-0.986135
0.737016
-0.461657
-0.838103
-0.041259
-0.247721
-0.350235
-0.152928
0.354126
1.396888
0.110721
0.001017
2.097891
2.692479
-1.301489
0.969333
-0.238348
0.400570
-0.552306
-0.182724
1.492078
-1.050873
0.120384
-0.230936
24
-0.302978
0.088993
0.742485
-0.161503
0.211523
0.012380
-0.261117
-0.072906
-0.191619
0.189949
0.171099
-0.024259
-0.332551
2.490079
0.855619
0.165800
-0.009441
-0.081268
-0.268778
0.129410
0.064859
1.169153
-0.044590
0.031725
24
0.080310
1.167544
-0.689494
-0.374084
-0.100349
-0.054936
0.471098
0.131275
-0.122355
-0.243225
-0.126981
0.126787
0.855061
1.104219
0.357119
-1.595315
0.628686
0.140503
-0.357061
0.147855
-0.691287
0.742407
0.082531
0.176141
24
1.482387
-0.056467
-0.498547
0.004554
-0.063443
0.174825
0.777952
-0.639812
-0.065027
-0.027640
-0.086520
-0.086810
-0.981877
0.140156
-0.395744
0.519474
-0.188135
-0.166335
0.021459
0.001252
-0.199329
-0.085199
-0.108323
-0.186803
24
-0.212068
0.270062
0.251879
0.958657
-0.029964
0.139352
-0.082223
0.635896
0.383548
0.177917
-0.063233
0.058706
1.433573
-0.130386
-0.466964
-0.560506
0.113335
-0.070328
1.496937
-3.915580
-0.517068
1.006514
-0.051680
0.029718
24
0.302526
-0.008358
-0.305640
-0.402688
-0.245667
0.126247
-0.004196
-0.773931
-0.860765
-0.372487
-0.169026
0.099185
0.423015
-1.189306
-0.274184
0.071627
-0.209173
-0.053353
0.106137
-0.011741
-0.003124
0.059442
-0.036197
-0.086039
24
2.166095
1.412250
-0.625532
1.168537
0.155998
0.334936
-0.038477
0.546266
1.713984
-0.608838
-0.097529
0.029989
2.052568
1.070780
-2.481392
0.800717
-0.211924
0.010523
0.116416
0.032095
-1.167207
-0.816773
-0.098747
-0.148404
24
-0.821611
-2.819465
0.614517
-0.437324
-0.147871
-0.034459
0.246586
0.126284
-0.789342
-0.525967
0.190343
-0.134201
-0.990754
0.572528
1.446534
1.592654
0.158817
0.045854
-0.052092
-0.090439
0.482141
-0.736597
0.121483
-0.077289
24
-0.518488
-3.211611
0.534498
-0.669464
-0.317963
0.168746
-0.062644
0.314936
0.471325
-0.123527
0.033826
-0.014850
2.273675
-1.905646
-1.952515
1.034788
-0.201275
0.424451
0.221887
0.268480
-0.802864
-1.114493
0.426798
-0.313591
24
0.106178
-0.238632
0.203891
0.628674
0.160736
-0.051288
-0.037911
0.187661
-0.524672
-0.108448
-0.018042
-0.015204
-0.742368
-0.843162
-0.721140
1.502689
-0.672403
0.250185
-0.203216
-0.137256
-0.202798
-1.336397
-0.008457
-0.078423
24
-0.205419
-0.111306
-0.189294
0.040981
0.010623
-0.076505
0.101599
-0.202885
-0.246812
0.736722
-0.375006
0.137496
0.860625
-4.139316
-1.051204
-0.202166
-0.262862
0.413776
0.208957
-0.293730
-0.022817
-0.749507
0.167675
-0.348361
24
-0.126233
0.813614
0.681602
0.697064
0.375434
0.014604
0.327497
-0.007591
0.928631
0.938791
0.116659
0.014805
-0.315719
3.162294
-0.172737
1.987355
-0.306809
-0.052601
-0.305568
-0.152497
0.107532
-0.159409
-0.107626
-0.522348
24
0.530875
-0.793494
0.363795
-0.177863
0.045208
0.120794
-0.207611
0.000588
0.171529
-0.114866
-0.027492
-0.026212
-0.874062
-1.436864
-0.594641
1.032900
-0.431573
-0.119171
-0.040881
-0.040768
1.449877
-0.004182
0.019681
0.020336
24
-0.232055
0.104643
-0.253903
0.287991
-0.167215
0.027397
-1.299370
0.640784
0.499679
-0.341480
0.017883
-0.107936
1.175024
0.011993
-0.574042
0.388297
-0.135508
-0.003640
0.128896
0.021340
0.309973
0.329323
0.161849
-0.033209
24
-0.523136
1.529942
-0.971270
0.262829
-0.341238
-0.192903
-0.262228
0.138653
0.599983
-0.817266
0.003008
0.015631
1.750083
-1.594680
-0.499732
-1.584601
-0.072235
-0.220330
-0.197987
-0.054788
-0.356495
-0.225838
0.029295
0.227918
24
2.119966
0.901996
0.692041
0.244808
-2.686258
3.061156
2.437169
-1.772629
-6.600079
4.437012
0.286220
-1.387371
-0.701116
-3.035900
2.109452
-3.280650
-2.483149
-3.500569
-0.814717
3.449034
2.518390
0.553055
-0.468817
3.372430
1
24
3.119869
-5.678828
6.711427
-3.756913
3.954929
-3.185760
1.347904
6.667897
-6.058233
3.953460
-8.497243
4.555906
6.138990
3.130533
-11.924250
-3.198749
4.477637
-3.248687
2.927805
5.422782
3.636140
5.891799
5.666749
5.665184
1
-9.644429
