1
24
18
-0.822326
-0.013209
0.112054
0.138753
0.266965
-0.333821
-0.336609
-0.197432
-0.427860
-0.346302
0.223034
0.096390
-0.707825
1.109944
-0.163237
-0.248109
-0.774572
1.608511
18
-1.382125
0.442059
-0.216551
-0.390550
-0.108397
-0.129120
0.219580
0.422741
-0.652872
-1.701486
0.116031
-0.041306
0.310595
0.689128
1.871425
0.077841
0.187124
-0.084402
18
0.581110
-1.338288
0.413289
-0.345892
-0.285726
0.155576
-0.661033
2.820407
0.662962
-0.488264
0.607596
-0.059601
1.016284
-0.214324
-0.886056
0.672897
-0.053307
-0.090417
18
2.444935
1.573554
-0.560252
0.138651
0.026398
0.339653
-0.286232
-0.600866
-1.953405
-0.796645
-0.293302
-0.719706
0.615742
0.192903
-0.979413
0.004009
-0.539298
0.048149
18
-0.401932
-0.999900
0.488532
-0.454320
0.316567
0.014977
-0.218753
1.138950
-1.564994
-0.436148
0.574555
-0.646406
0.447909
-0.815142
-0.069468
0.646994
-0.315388
-1.251572
18
-1.492384
-1.045539
1.261613
-2.133658
-0.110684
-0.276084
0.157259
-0.703122
0.526514
-1.007889
0.316830
-0.221818
-0.564969
-0.190118
0.719610
-0.239598
0.099004
0.297811
18
0.855308
0.194130
-0.106223
1.001269
-0.199008
0.123758
-0.524744
0.082361
1.397390
-0.149277
0.204062
0.113076
1.533872
0.204679
-0.924093
-1.618937
0.419030
0.364978
18
-1.164540
0.553119
0.402459
-1.448596
0.134135
-0.351438
0.551535
0.012681
0.761263
0.270815
-0.046477
-0.131177
0.593391
2.605995
0.551372
-0.953851
0.508891
0.270281
18
1.672647
0.793622
-0.021802
0.990463
0.190952
0.750179
-1.053102
0.649469
0.174190
-0.693614
-0.129918
0.541519
-0.375077
-0.712076
-0.295481
-0.341478
-0.206486
0.996341
18
-0.517179
1.341582
-0.287080
1.266182
0.050286
0.226437
0.047708
0.567026
0.359043
0.266316
0.006818
0.030549
1.683455
-0.227362
0.133765
-0.035472
-0.092104
1.105348
18
0.347811
-0.479734
-0.477737
-0.313732
0.807711
-0.561595
1.456324
-0.432816
-0.104582
0.419213
0.484344
0.046777
0.949898
1.004945
-1.253321
-0.404869
-0.714730
0.472775
18
-0.130425
0.823330
0.026477
0.134321
0.011951
-0.123428
1.005459
-1.994467
0.021419
0.204422
0.370012
0.536035
-1.958567
-0.199334
0.705330
-0.435484
-0.898052
-0.097879
18
-0.030500
-1.902919
1.802109
0.244666
0.030589
0.019749
-0.074298
-0.122803
0.063667
0.283540
-0.154530
0.290710
-0.790837
2.135701
-1.342982
1.275505
-0.204603
-1.086285
18
-0.016972
-2.378222
0.186269
-0.848741
-0.292087
0.289606
0.994211
0.297625
1.827582
-0.408802
0.284670
0.385583
-0.184779
0.042294
0.091988
-1.781682
0.396801
-0.513645
18
0.152578
0.666061
0.016676
-0.012348
0.152416
0.044790
0.323875
0.611252
-0.449614
0.550968
-0.475593
-0.038893
-3.529470
-0.670030
-0.100705
0.598146
-0.851270
-0.398049
18
-0.004309
1.886095
-0.392910
0.657562
-0.069964
0.011022
0.360104
0.370941
0.551530
0.430147
-0.834711
0.035453
0.310505
-0.302611
0.709837
-0.220055
-0.275141
-0.760676
18
-0.165019
-0.470924
0.562648
0.247599
0.017492
-0.101785
-0.166675
-0.008892
1.654305
1.634835
-0.195860
0.490447
-0.019657
-1.490544
-1.602142
-1.195325
-0.530339
0.625585
18
0.809865
-0.704241
0.096323
0.681561
-0.153184
0.176444
-0.465276
-0.405336
0.099160
0.842386
0.099694
0.279413
-0.632021
1.454787
-0.479722
-1.205801
-0.376309
0.611423
18
0.105158
0.412907
-0.002341
-0.123402
0.130753
0.093922
0.431554
0.389049
1.298629
-0.455904
0.069106
0.212664
-2.631875
-1.441163
-1.112065
-0.226315
-0.309652
-0.137796
18
-0.769853
-0.929010
0.037329
-0.318817
-0.172349
0.124927
-0.275856
-0.804799
0.527873
-0.409243
0.011877
0.194149
-1.521795
-1.607247
0.293684
1.411363
-0.370255
-1.368043
18
0.270274
1.247318
-0.236007
-0.666971
0.125370
0.184730
-0.921005
0.798998
-0.669914
-0.616512
0.039698
-0.320274
-1.898679
0.796749
1.239272
1.534444
-0.061186
-0.326084
18
0.375911
-0.866765
1.291810
-0.299274
-0.543909
-0.193875
-0.263106
-1.146165
0.682839
0.587494
-0.629741
0.076636
-0.421979
0.724184
-0.863467
-0.113077
-0.070424
-0.259559
18
-0.677522
0.620781
-0.835463
0.015735
-0.638049
0.261449
-0.585013
0.287449
-0.744009
-0.640326
-0.557203
-0.123208
-0.793745
-0.414653
0.690337
0.065815
0.813993
-0.266699
18
0.710458
-0.743184
0.201737
0.647147
-0.112153
0.187401
-0.638412
-0.783964
-0.737898
2.209186
0.577811
0.436424
0.995416
-0.620265
-0.843606
-0.078520
-0.216985
-0.002275
24
-0.716061
0.925108
0.791473
-0.344191
-0.402061
1.164204
0.948090
0.511142
0.012506
-0.313546
-1.009335
0.794217
1.734870
0.195588
-2.069423
1.633307
1.714144
1.069728
1.740554
-3.529386
-0.570634
0.121363
0.790603
-0.058732
1
24
1.775634
3.577283
1.801276
2.645912
-1.360828
-2.770260
3.448308
2.454686
1.246327
-1.634778
1.006752
1.623485
2.728916
1.833637
3.868912
-2.263872
3.664061
-4.892941
-5.145077
4.545110
-2.250319
-1.617586
2.510396
2.237471
1
-4.284438
